Shifters for |A| = 3, 
 Window Size = (2, 2) 
 and 36 aperiodic windows
Shifter: [[0. 0. 1. 0.]
 [0. 0. 0. 1.]
 [0. 1. 0. 0.]
 [1. 0. 0. 0.]] 
 Composition: [1, 0]
 Power: 4
 Determinant: 2
  deBR: [[0. 0. 0. 1. 0. 0. 0. 1. 0. 0. 0. 1. 0. 0. 0. 1. 0. 0. 0. 1. 0. 0. 0. 1.
  0. 0. 0. 1. 0. 0. 0. 1. 0. 0. 0. 1.]
 [0. 1. 0. 0. 0. 1. 0. 0. 0. 1. 0. 0. 0. 1. 0. 0. 0. 1. 0. 0. 0. 1. 0. 0.
  0. 1. 0. 0. 0. 1. 0. 0. 0. 1. 0. 0.]]
Shifter: [[0. 0. 1. 0.]
 [0. 0. 0. 1.]
 [0. 1. 0. 1.]
 [1. 0. 1. 0.]] 
 Composition: [1, 1]
 Power: 24
 Determinant: 2
  deBR: [[0. 0. 1. 1. 1. 0. 1. 0. 2. 2. 0. 0. 0. 2. 0. 2. 1. 1. 2. 2. 2. 1. 2. 1.
  0. 0. 1. 1. 1. 0. 1. 0. 2. 2. 0. 0.]
 [0. 1. 0. 1. 2. 2. 1. 1. 1. 2. 1. 2. 0. 0. 2. 2. 2. 0. 2. 0. 1. 1. 0. 0.
  0. 1. 0. 1. 2. 2. 1. 1. 1. 2. 1. 2.]]
Shifter: [[0. 0. 1. 0.]
 [0. 0. 0. 1.]
 [0. 1. 0. 2.]
 [1. 0. 2. 0.]] 
 Composition: [1, 2]
 Power: 24
 Determinant: 2
  deBR: [[0. 0. 2. 1. 2. 0. 2. 0. 1. 2. 0. 0. 0. 2. 0. 2. 2. 1. 1. 2. 1. 1. 1. 1.
  0. 0. 2. 1. 2. 0. 2. 0. 1. 2. 0. 0.]
 [0. 1. 0. 1. 1. 2. 2. 1. 2. 2. 2. 2. 0. 0. 1. 2. 1. 0. 1. 0. 2. 1. 0. 0.
  0. 1. 0. 1. 1. 2. 2. 1. 2. 2. 2. 2.]]
Shifter: [[0. 0. 1. 0.]
 [0. 0. 0. 1.]
 [0. 1. 1. 0.]
 [1. 0. 0. 1.]] 
 Composition: [1, 3]
 Power: 24
 Determinant: 2
  deBR: [[0. 0. 0. 1. 2. 0. 1. 0. 1. 2. 1. 0. 0. 2. 2. 2. 2. 1. 2. 2. 1. 1. 0. 1.
  0. 0. 0. 1. 2. 0. 1. 0. 1. 2. 1. 0.]
 [0. 1. 1. 1. 1. 2. 1. 1. 2. 2. 0. 2. 0. 0. 0. 2. 1. 0. 2. 0. 2. 1. 2. 0.
  0. 1. 1. 1. 1. 2. 1. 1. 2. 2. 0. 2.]]
Shifter: [[0. 0. 1. 0.]
 [0. 0. 0. 1.]
 [0. 1. 1. 1.]
 [1. 0. 1. 1.]] 
 Composition: [1, 4]
 Power: 8
 Determinant: 2
  deBR: [[0. 0. 1. 0. 0. 2. 2. 1. 0. 0. 1. 0. 0. 2. 2. 1. 0. 0. 1. 0. 0. 2. 2. 1.
  0. 0. 1. 0. 0. 2. 2. 1. 0. 0. 1. 0.]
 [0. 1. 1. 2. 0. 0. 2. 0. 0. 1. 1. 2. 0. 0. 2. 0. 0. 1. 1. 2. 0. 0. 2. 0.
  0. 1. 1. 2. 0. 0. 2. 0. 0. 1. 1. 2.]]
Shifter: [[0. 0. 1. 0.]
 [0. 0. 0. 1.]
 [0. 1. 1. 2.]
 [1. 0. 2. 1.]] 
 Composition: [1, 5]
 Power: 6
 Determinant: 2
  deBR: [[0. 0. 2. 2. 1. 1. 0. 0. 2. 2. 1. 1. 0. 0. 2. 2. 1. 1. 0. 0. 2. 2. 1. 1.
  0. 0. 2. 2. 1. 1. 0. 0. 2. 2. 1. 1.]
 [0. 1. 1. 2. 2. 0. 0. 1. 1. 2. 2. 0. 0. 1. 1. 2. 2. 0. 0. 1. 1. 2. 2. 0.
  0. 1. 1. 2. 2. 0. 0. 1. 1. 2. 2. 0.]]
Shifter: [[0. 0. 1. 0.]
 [0. 0. 0. 1.]
 [0. 1. 2. 0.]
 [1. 0. 0. 2.]] 
 Composition: [1, 6]
 Power: 24
 Determinant: 2
  deBR: [[0. 0. 0. 1. 1. 0. 2. 0. 2. 2. 2. 0. 0. 2. 1. 2. 1. 1. 1. 2. 2. 1. 0. 1.
  0. 0. 0. 1. 1. 0. 2. 0. 2. 2. 2. 0.]
 [0. 1. 2. 1. 2. 2. 2. 1. 1. 2. 0. 2. 0. 0. 0. 2. 2. 0. 1. 0. 1. 1. 1. 0.
  0. 1. 2. 1. 2. 2. 2. 1. 1. 2. 0. 2.]]
Shifter: [[0. 0. 1. 0.]
 [0. 0. 0. 1.]
 [0. 1. 2. 1.]
 [1. 0. 1. 2.]] 
 Composition: [1, 7]
 Power: 6
 Determinant: 2
  deBR: [[0. 0. 1. 2. 2. 1. 0. 0. 1. 2. 2. 1. 0. 0. 1. 2. 2. 1. 0. 0. 1. 2. 2. 1.
  0. 0. 1. 2. 2. 1. 0. 0. 1. 2. 2. 1.]
 [0. 1. 2. 2. 1. 0. 0. 1. 2. 2. 1. 0. 0. 1. 2. 2. 1. 0. 0. 1. 2. 2. 1. 0.
  0. 1. 2. 2. 1. 0. 0. 1. 2. 2. 1. 0.]]
Shifter: [[0. 0. 1. 0.]
 [0. 0. 0. 1.]
 [0. 1. 2. 2.]
 [1. 0. 2. 2.]] 
 Composition: [1, 8]
 Power: 8
 Determinant: 2
  deBR: [[0. 0. 2. 0. 0. 2. 1. 1. 0. 0. 2. 0. 0. 2. 1. 1. 0. 0. 2. 0. 0. 2. 1. 1.
  0. 0. 2. 0. 0. 2. 1. 1. 0. 0. 2. 0.]
 [0. 1. 2. 2. 0. 0. 1. 0. 0. 1. 2. 2. 0. 0. 1. 0. 0. 1. 2. 2. 0. 0. 1. 0.
  0. 1. 2. 2. 0. 0. 1. 0. 0. 1. 2. 2.]]
Shifter: [[0. 0. 1. 0.]
 [0. 0. 0. 1.]
 [0. 2. 0. 0.]
 [2. 0. 0. 0.]] 
 Composition: [2, 0]
 Power: 4
 Determinant: 2
  deBR: [[0. 0. 0. 2. 0. 0. 0. 2. 0. 0. 0. 2. 0. 0. 0. 2. 0. 0. 0. 2. 0. 0. 0. 2.
  0. 0. 0. 2. 0. 0. 0. 2. 0. 0. 0. 2.]
 [0. 1. 0. 0. 0. 1. 0. 0. 0. 1. 0. 0. 0. 1. 0. 0. 0. 1. 0. 0. 0. 1. 0. 0.
  0. 1. 0. 0. 0. 1. 0. 0. 0. 1. 0. 0.]]
Shifter: [[0. 0. 1. 0.]
 [0. 0. 0. 1.]
 [0. 2. 0. 1.]
 [2. 0. 1. 0.]] 
 Composition: [2, 1]
 Power: 24
 Determinant: 2
  deBR: [[0. 0. 1. 2. 1. 0. 1. 0. 2. 1. 0. 0. 0. 1. 0. 1. 1. 2. 2. 1. 2. 2. 2. 2.
  0. 0. 1. 2. 1. 0. 1. 0. 2. 1. 0. 0.]
 [0. 1. 0. 1. 1. 2. 2. 1. 2. 2. 2. 2. 0. 0. 1. 2. 1. 0. 1. 0. 2. 1. 0. 0.
  0. 1. 0. 1. 1. 2. 2. 1. 2. 2. 2. 2.]]
Shifter: [[0. 0. 1. 0.]
 [0. 0. 0. 1.]
 [0. 2. 0. 2.]
 [2. 0. 2. 0.]] 
 Composition: [2, 2]
 Power: 24
 Determinant: 2
  deBR: [[0. 0. 2. 2. 2. 0. 2. 0. 1. 1. 0. 0. 0. 1. 0. 1. 2. 2. 1. 1. 1. 2. 1. 2.
  0. 0. 2. 2. 2. 0. 2. 0. 1. 1. 0. 0.]
 [0. 1. 0. 1. 2. 2. 1. 1. 1. 2. 1. 2. 0. 0. 2. 2. 2. 0. 2. 0. 1. 1. 0. 0.
  0. 1. 0. 1. 2. 2. 1. 1. 1. 2. 1. 2.]]
Shifter: [[0. 0. 1. 0.]
 [0. 0. 0. 1.]
 [0. 2. 1. 0.]
 [2. 0. 0. 1.]] 
 Composition: [2, 3]
 Power: 24
 Determinant: 2
  deBR: [[0. 0. 0. 2. 1. 0. 2. 0. 2. 1. 2. 0. 0. 1. 1. 1. 1. 2. 1. 1. 2. 2. 0. 2.
  0. 0. 0. 2. 1. 0. 2. 0. 2. 1. 2. 0.]
 [0. 1. 1. 1. 1. 2. 1. 1. 2. 2. 0. 2. 0. 0. 0. 2. 1. 0. 2. 0. 2. 1. 2. 0.
  0. 1. 1. 1. 1. 2. 1. 1. 2. 2. 0. 2.]]
Shifter: [[0. 0. 1. 0.]
 [0. 0. 0. 1.]
 [0. 2. 1. 1.]
 [2. 0. 1. 1.]] 
 Composition: [2, 4]
 Power: 6
 Determinant: 2
  deBR: [[0. 0. 1. 1. 2. 2. 0. 0. 1. 1. 2. 2. 0. 0. 1. 1. 2. 2. 0. 0. 1. 1. 2. 2.
  0. 0. 1. 1. 2. 2. 0. 0. 1. 1. 2. 2.]
 [0. 1. 1. 2. 2. 0. 0. 1. 1. 2. 2. 0. 0. 1. 1. 2. 2. 0. 0. 1. 1. 2. 2. 0.
  0. 1. 1. 2. 2. 0. 0. 1. 1. 2. 2. 0.]]
Shifter: [[0. 0. 1. 0.]
 [0. 0. 0. 1.]
 [0. 2. 1. 2.]
 [2. 0. 2. 1.]] 
 Composition: [2, 5]
 Power: 8
 Determinant: 2
  deBR: [[0. 0. 2. 0. 0. 1. 1. 2. 0. 0. 2. 0. 0. 1. 1. 2. 0. 0. 2. 0. 0. 1. 1. 2.
  0. 0. 2. 0. 0. 1. 1. 2. 0. 0. 2. 0.]
 [0. 1. 1. 2. 0. 0. 2. 0. 0. 1. 1. 2. 0. 0. 2. 0. 0. 1. 1. 2. 0. 0. 2. 0.
  0. 1. 1. 2. 0. 0. 2. 0. 0. 1. 1. 2.]]
Shifter: [[0. 0. 1. 0.]
 [0. 0. 0. 1.]
 [0. 2. 2. 0.]
 [2. 0. 0. 2.]] 
 Composition: [2, 6]
 Power: 24
 Determinant: 2
  deBR: [[0. 0. 0. 2. 2. 0. 1. 0. 1. 1. 1. 0. 0. 1. 2. 1. 2. 2. 2. 1. 1. 2. 0. 2.
  0. 0. 0. 2. 2. 0. 1. 0. 1. 1. 1. 0.]
 [0. 1. 2. 1. 2. 2. 2. 1. 1. 2. 0. 2. 0. 0. 0. 2. 2. 0. 1. 0. 1. 1. 1. 0.
  0. 1. 2. 1. 2. 2. 2. 1. 1. 2. 0. 2.]]
Shifter: [[0. 0. 1. 0.]
 [0. 0. 0. 1.]
 [0. 2. 2. 1.]
 [2. 0. 1. 2.]] 
 Composition: [2, 7]
 Power: 8
 Determinant: 2
  deBR: [[0. 0. 1. 0. 0. 1. 2. 2. 0. 0. 1. 0. 0. 1. 2. 2. 0. 0. 1. 0. 0. 1. 2. 2.
  0. 0. 1. 0. 0. 1. 2. 2. 0. 0. 1. 0.]
 [0. 1. 2. 2. 0. 0. 1. 0. 0. 1. 2. 2. 0. 0. 1. 0. 0. 1. 2. 2. 0. 0. 1. 0.
  0. 1. 2. 2. 0. 0. 1. 0. 0. 1. 2. 2.]]
Shifter: [[0. 0. 1. 0.]
 [0. 0. 0. 1.]
 [0. 2. 2. 2.]
 [2. 0. 2. 2.]] 
 Composition: [2, 8]
 Power: 6
 Determinant: 2
  deBR: [[0. 0. 2. 1. 1. 2. 0. 0. 2. 1. 1. 2. 0. 0. 2. 1. 1. 2. 0. 0. 2. 1. 1. 2.
  0. 0. 2. 1. 1. 2. 0. 0. 2. 1. 1. 2.]
 [0. 1. 2. 2. 1. 0. 0. 1. 2. 2. 1. 0. 0. 1. 2. 2. 1. 0. 0. 1. 2. 2. 1. 0.
  0. 1. 2. 2. 1. 0. 0. 1. 2. 2. 1. 0.]]
Shifter: [[0. 0. 1. 0.]
 [0. 0. 0. 1.]
 [1. 0. 0. 0.]
 [0. 1. 0. 0.]] 
 Composition: [3, 0]
 Power: 2
 Determinant: 1
  deBR: [[0. 0. 0. 0. 0. 0. 0. 0. 0. 0. 0. 0. 0. 0. 0. 0. 0. 0. 0. 0. 0. 0. 0. 0.
  0. 0. 0. 0. 0. 0. 0. 0. 0. 0. 0. 0.]
 [0. 1. 0. 1. 0. 1. 0. 1. 0. 1. 0. 1. 0. 1. 0. 1. 0. 1. 0. 1. 0. 1. 0. 1.
  0. 1. 0. 1. 0. 1. 0. 1. 0. 1. 0. 1.]]
Shifter: [[0. 0. 1. 0.]
 [0. 0. 0. 1.]
 [1. 0. 0. 1.]
 [0. 1. 1. 0.]] 
 Composition: [3, 1]
 Power: 8
 Determinant: 1
  deBR: [[0. 0. 1. 0. 0. 0. 2. 0. 0. 0. 1. 0. 0. 0. 2. 0. 0. 0. 1. 0. 0. 0. 2. 0.
  0. 0. 1. 0. 0. 0. 2. 0. 0. 0. 1. 0.]
 [0. 1. 0. 2. 0. 2. 0. 1. 0. 1. 0. 2. 0. 2. 0. 1. 0. 1. 0. 2. 0. 2. 0. 1.
  0. 1. 0. 2. 0. 2. 0. 1. 0. 1. 0. 2.]]
Shifter: [[0. 0. 1. 0.]
 [0. 0. 0. 1.]
 [1. 0. 0. 2.]
 [0. 1. 2. 0.]] 
 Composition: [3, 2]
 Power: 8
 Determinant: 1
  deBR: [[0. 0. 2. 0. 0. 0. 1. 0. 0. 0. 2. 0. 0. 0. 1. 0. 0. 0. 2. 0. 0. 0. 1. 0.
  0. 0. 2. 0. 0. 0. 1. 0. 0. 0. 2. 0.]
 [0. 1. 0. 2. 0. 2. 0. 1. 0. 1. 0. 2. 0. 2. 0. 1. 0. 1. 0. 2. 0. 2. 0. 1.
  0. 1. 0. 2. 0. 2. 0. 1. 0. 1. 0. 2.]]
Shifter: [[0. 0. 1. 0.]
 [0. 0. 0. 1.]
 [1. 0. 1. 0.]
 [0. 1. 0. 1.]] 
 Composition: [3, 3]
 Power: 8
 Determinant: 1
  deBR: [[0. 0. 0. 0. 0. 0. 0. 0. 0. 0. 0. 0. 0. 0. 0. 0. 0. 0. 0. 0. 0. 0. 0. 0.
  0. 0. 0. 0. 0. 0. 0. 0. 0. 0. 0. 0.]
 [0. 1. 1. 2. 0. 2. 2. 1. 0. 1. 1. 2. 0. 2. 2. 1. 0. 1. 1. 2. 0. 2. 2. 1.
  0. 1. 1. 2. 0. 2. 2. 1. 0. 1. 1. 2.]]
Shifter: [[0. 0. 1. 0.]
 [0. 0. 0. 1.]
 [1. 0. 1. 1.]
 [0. 1. 1. 1.]] 
 Composition: [3, 4]
 Power: 8
 Determinant: 1
  deBR: [[0. 0. 1. 2. 0. 2. 2. 0. 0. 0. 1. 2. 0. 2. 2. 0. 0. 0. 1. 2. 0. 2. 2. 0.
  0. 0. 1. 2. 0. 2. 2. 0. 0. 0. 1. 2.]
 [0. 1. 1. 0. 0. 0. 2. 1. 0. 1. 1. 0. 0. 0. 2. 1. 0. 1. 1. 0. 0. 0. 2. 1.
  0. 1. 1. 0. 0. 0. 2. 1. 0. 1. 1. 0.]]
Shifter: [[0. 0. 1. 0.]
 [0. 0. 0. 1.]
 [1. 0. 1. 2.]
 [0. 1. 2. 1.]] 
 Composition: [3, 5]
 Power: 8
 Determinant: 1
  deBR: [[0. 0. 2. 1. 0. 1. 1. 0. 0. 0. 2. 1. 0. 1. 1. 0. 0. 0. 2. 1. 0. 1. 1. 0.
  0. 0. 2. 1. 0. 1. 1. 0. 0. 0. 2. 1.]
 [0. 1. 1. 0. 0. 0. 2. 1. 0. 1. 1. 0. 0. 0. 2. 1. 0. 1. 1. 0. 0. 0. 2. 1.
  0. 1. 1. 0. 0. 0. 2. 1. 0. 1. 1. 0.]]
Shifter: [[0. 0. 1. 0.]
 [0. 0. 0. 1.]
 [1. 0. 2. 0.]
 [0. 1. 0. 2.]] 
 Composition: [3, 6]
 Power: 8
 Determinant: 1
  deBR: [[0. 0. 0. 0. 0. 0. 0. 0. 0. 0. 0. 0. 0. 0. 0. 0. 0. 0. 0. 0. 0. 0. 0. 0.
  0. 0. 0. 0. 0. 0. 0. 0. 0. 0. 0. 0.]
 [0. 1. 2. 2. 0. 2. 1. 1. 0. 1. 2. 2. 0. 2. 1. 1. 0. 1. 2. 2. 0. 2. 1. 1.
  0. 1. 2. 2. 0. 2. 1. 1. 0. 1. 2. 2.]]
Shifter: [[0. 0. 1. 0.]
 [0. 0. 0. 1.]
 [1. 0. 2. 1.]
 [0. 1. 1. 2.]] 
 Composition: [3, 7]
 Power: 8
 Determinant: 1
  deBR: [[0. 0. 1. 1. 0. 1. 2. 0. 0. 0. 1. 1. 0. 1. 2. 0. 0. 0. 1. 1. 0. 1. 2. 0.
  0. 0. 1. 1. 0. 1. 2. 0. 0. 0. 1. 1.]
 [0. 1. 2. 0. 0. 0. 1. 1. 0. 1. 2. 0. 0. 0. 1. 1. 0. 1. 2. 0. 0. 0. 1. 1.
  0. 1. 2. 0. 0. 0. 1. 1. 0. 1. 2. 0.]]
Shifter: [[0. 0. 1. 0.]
 [0. 0. 0. 1.]
 [1. 0. 2. 2.]
 [0. 1. 2. 2.]] 
 Composition: [3, 8]
 Power: 8
 Determinant: 1
  deBR: [[0. 0. 2. 2. 0. 2. 1. 0. 0. 0. 2. 2. 0. 2. 1. 0. 0. 0. 2. 2. 0. 2. 1. 0.
  0. 0. 2. 2. 0. 2. 1. 0. 0. 0. 2. 2.]
 [0. 1. 2. 0. 0. 0. 1. 1. 0. 1. 2. 0. 0. 0. 1. 1. 0. 1. 2. 0. 0. 0. 1. 1.
  0. 1. 2. 0. 0. 0. 1. 1. 0. 1. 2. 0.]]
Shifter: [[0. 0. 1. 0.]
 [0. 0. 0. 1.]
 [2. 0. 0. 0.]
 [0. 2. 0. 0.]] 
 Composition: [6, 0]
 Power: 4
 Determinant: 1
  deBR: [[0. 0. 0. 0. 0. 0. 0. 0. 0. 0. 0. 0. 0. 0. 0. 0. 0. 0. 0. 0. 0. 0. 0. 0.
  0. 0. 0. 0. 0. 0. 0. 0. 0. 0. 0. 0.]
 [0. 1. 0. 2. 0. 1. 0. 2. 0. 1. 0. 2. 0. 1. 0. 2. 0. 1. 0. 2. 0. 1. 0. 2.
  0. 1. 0. 2. 0. 1. 0. 2. 0. 1. 0. 2.]]
Shifter: [[0. 0. 1. 0.]
 [0. 0. 0. 1.]
 [2. 0. 0. 1.]
 [0. 2. 1. 0.]] 
 Composition: [6, 1]
 Power: 6
 Determinant: 1
  deBR: [[0. 0. 1. 0. 2. 0. 0. 0. 1. 0. 2. 0. 0. 0. 1. 0. 2. 0. 0. 0. 1. 0. 2. 0.
  0. 0. 1. 0. 2. 0. 0. 0. 1. 0. 2. 0.]
 [0. 1. 0. 0. 0. 2. 0. 1. 0. 0. 0. 2. 0. 1. 0. 0. 0. 2. 0. 1. 0. 0. 0. 2.
  0. 1. 0. 0. 0. 2. 0. 1. 0. 0. 0. 2.]]
Shifter: [[0. 0. 1. 0.]
 [0. 0. 0. 1.]
 [2. 0. 0. 2.]
 [0. 2. 2. 0.]] 
 Composition: [6, 2]
 Power: 6
 Determinant: 1
  deBR: [[0. 0. 2. 0. 1. 0. 0. 0. 2. 0. 1. 0. 0. 0. 2. 0. 1. 0. 0. 0. 2. 0. 1. 0.
  0. 0. 2. 0. 1. 0. 0. 0. 2. 0. 1. 0.]
 [0. 1. 0. 0. 0. 2. 0. 1. 0. 0. 0. 2. 0. 1. 0. 0. 0. 2. 0. 1. 0. 0. 0. 2.
  0. 1. 0. 0. 0. 2. 0. 1. 0. 0. 0. 2.]]
Shifter: [[0. 0. 1. 0.]
 [0. 0. 0. 1.]
 [2. 0. 1. 0.]
 [0. 2. 0. 1.]] 
 Composition: [6, 3]
 Power: 6
 Determinant: 1
  deBR: [[0. 0. 0. 0. 0. 0. 0. 0. 0. 0. 0. 0. 0. 0. 0. 0. 0. 0. 0. 0. 0. 0. 0. 0.
  0. 0. 0. 0. 0. 0. 0. 0. 0. 0. 0. 0.]
 [0. 1. 1. 0. 2. 2. 0. 1. 1. 0. 2. 2. 0. 1. 1. 0. 2. 2. 0. 1. 1. 0. 2. 2.
  0. 1. 1. 0. 2. 2. 0. 1. 1. 0. 2. 2.]]
Shifter: [[0. 0. 1. 0.]
 [0. 0. 0. 1.]
 [2. 0. 1. 1.]
 [0. 2. 1. 1.]] 
 Composition: [6, 4]
 Power: 12
 Determinant: 1
  deBR: [[0. 0. 1. 2. 2. 2. 0. 1. 1. 1. 2. 0. 0. 0. 1. 2. 2. 2. 0. 1. 1. 1. 2. 0.
  0. 0. 1. 2. 2. 2. 0. 1. 1. 1. 2. 0.]
 [0. 1. 1. 1. 2. 0. 0. 0. 1. 2. 2. 2. 0. 1. 1. 1. 2. 0. 0. 0. 1. 2. 2. 2.
  0. 1. 1. 1. 2. 0. 0. 0. 1. 2. 2. 2.]]
Shifter: [[0. 0. 1. 0.]
 [0. 0. 0. 1.]
 [2. 0. 1. 2.]
 [0. 2. 2. 1.]] 
 Composition: [6, 5]
 Power: 12
 Determinant: 1
  deBR: [[0. 0. 2. 1. 1. 1. 0. 2. 2. 2. 1. 0. 0. 0. 2. 1. 1. 1. 0. 2. 2. 2. 1. 0.
  0. 0. 2. 1. 1. 1. 0. 2. 2. 2. 1. 0.]
 [0. 1. 1. 1. 2. 0. 0. 0. 1. 2. 2. 2. 0. 1. 1. 1. 2. 0. 0. 0. 1. 2. 2. 2.
  0. 1. 1. 1. 2. 0. 0. 0. 1. 2. 2. 2.]]
Shifter: [[0. 0. 1. 0.]
 [0. 0. 0. 1.]
 [2. 0. 2. 0.]
 [0. 2. 0. 2.]] 
 Composition: [6, 6]
 Power: 3
 Determinant: 1
  deBR: [[0. 0. 0. 0. 0. 0. 0. 0. 0. 0. 0. 0. 0. 0. 0. 0. 0. 0. 0. 0. 0. 0. 0. 0.
  0. 0. 0. 0. 0. 0. 0. 0. 0. 0. 0. 0.]
 [0. 1. 2. 0. 1. 2. 0. 1. 2. 0. 1. 2. 0. 1. 2. 0. 1. 2. 0. 1. 2. 0. 1. 2.
  0. 1. 2. 0. 1. 2. 0. 1. 2. 0. 1. 2.]]
Shifter: [[0. 0. 1. 0.]
 [0. 0. 0. 1.]
 [2. 0. 2. 1.]
 [0. 2. 1. 2.]] 
 Composition: [6, 7]
 Power: 12
 Determinant: 1
  deBR: [[0. 0. 1. 1. 2. 1. 0. 2. 1. 2. 2. 0. 0. 0. 1. 1. 2. 1. 0. 2. 1. 2. 2. 0.
  0. 0. 1. 1. 2. 1. 0. 2. 1. 2. 2. 0.]
 [0. 1. 2. 1. 1. 0. 0. 0. 2. 2. 1. 2. 0. 1. 2. 1. 1. 0. 0. 0. 2. 2. 1. 2.
  0. 1. 2. 1. 1. 0. 0. 0. 2. 2. 1. 2.]]
Shifter: [[0. 0. 1. 0.]
 [0. 0. 0. 1.]
 [2. 0. 2. 2.]
 [0. 2. 2. 2.]] 
 Composition: [6, 8]
 Power: 12
 Determinant: 1
  deBR: [[0. 0. 2. 2. 1. 2. 0. 1. 2. 1. 1. 0. 0. 0. 2. 2. 1. 2. 0. 1. 2. 1. 1. 0.
  0. 0. 2. 2. 1. 2. 0. 1. 2. 1. 1. 0.]
 [0. 1. 2. 1. 1. 0. 0. 0. 2. 2. 1. 2. 0. 1. 2. 1. 1. 0. 0. 0. 2. 2. 1. 2.
  0. 1. 2. 1. 1. 0. 0. 0. 2. 2. 1. 2.]]
