Shifters for |A| = 2, 
 Window Size = (3, 2) 
 and 20 aperiodic windows
Shifter: [[0. 0. 0. 1. 0. 0.]
 [0. 0. 0. 0. 1. 0.]
 [0. 0. 0. 0. 0. 1.]
 [0. 0. 0. 0. 0. 0.]
 [0. 0. 0. 0. 0. 0.]
 [0. 0. 0. 0. 0. 0.]] 
 Composition: [0, 0]
 Power: -1
 Determinant: 0
  deBR: [[0. 0. 0. 0. 0. 0. 0. 0. 0. 0. 0. 0. 0. 0. 0. 0. 0. 0. 0. 0.]
 [0. 0. 0. 0. 0. 0. 0. 0. 0. 0. 0. 0. 0. 0. 0. 0. 0. 0. 0. 0.]
 [0. 1. 0. 0. 0. 0. 0. 0. 0. 0. 0. 0. 0. 0. 0. 0. 0. 0. 0. 0.]]
Shifter: [[0. 0. 0. 1. 0. 0.]
 [0. 0. 0. 0. 1. 0.]
 [0. 0. 0. 0. 0. 1.]
 [0. 0. 0. 0. 0. 1.]
 [0. 0. 0. 1. 0. 0.]
 [0. 0. 0. 0. 1. 0.]] 
 Composition: [0, 1]
 Power: -2
 Determinant: 0
  deBR: [[0. 0. 1. 0. 0. 1. 0. 0. 1. 0. 0. 1. 0. 0. 1. 0. 0. 1. 0. 0.]
 [0. 0. 0. 1. 0. 0. 1. 0. 0. 1. 0. 0. 1. 0. 0. 1. 0. 0. 1. 0.]
 [0. 1. 0. 0. 1. 0. 0. 1. 0. 0. 1. 0. 0. 1. 0. 0. 1. 0. 0. 1.]]
Shifter: [[0. 0. 0. 1. 0. 0.]
 [0. 0. 0. 0. 1. 0.]
 [0. 0. 0. 0. 0. 1.]
 [0. 0. 0. 0. 1. 0.]
 [0. 0. 0. 0. 0. 1.]
 [0. 0. 0. 1. 0. 0.]] 
 Composition: [0, 2]
 Power: -2
 Determinant: 0
  deBR: [[0. 0. 0. 1. 0. 0. 1. 0. 0. 1. 0. 0. 1. 0. 0. 1. 0. 0. 1. 0.]
 [0. 0. 1. 0. 0. 1. 0. 0. 1. 0. 0. 1. 0. 0. 1. 0. 0. 1. 0. 0.]
 [0. 1. 0. 0. 1. 0. 0. 1. 0. 0. 1. 0. 0. 1. 0. 0. 1. 0. 0. 1.]]
Shifter: [[0. 0. 0. 1. 0. 0.]
 [0. 0. 0. 0. 1. 0.]
 [0. 0. 0. 0. 0. 1.]
 [0. 0. 0. 0. 1. 1.]
 [0. 0. 0. 1. 0. 1.]
 [0. 0. 0. 1. 1. 0.]] 
 Composition: [0, 3]
 Power: -2
 Determinant: 0
  deBR: [[0. 0. 1. 1. 1. 1. 1. 1. 1. 1. 1. 1. 1. 1. 1. 1. 1. 1. 1. 1.]
 [0. 0. 1. 1. 1. 1. 1. 1. 1. 1. 1. 1. 1. 1. 1. 1. 1. 1. 1. 1.]
 [0. 1. 0. 0. 0. 0. 0. 0. 0. 0. 0. 0. 0. 0. 0. 0. 0. 0. 0. 0.]]
Shifter: [[0. 0. 0. 1. 0. 0.]
 [0. 0. 0. 0. 1. 0.]
 [0. 0. 0. 0. 0. 1.]
 [0. 0. 0. 1. 0. 0.]
 [0. 0. 0. 0. 1. 0.]
 [0. 0. 0. 0. 0. 1.]] 
 Composition: [0, 4]
 Power: -2
 Determinant: 0
  deBR: [[0. 0. 0. 0. 0. 0. 0. 0. 0. 0. 0. 0. 0. 0. 0. 0. 0. 0. 0. 0.]
 [0. 0. 0. 0. 0. 0. 0. 0. 0. 0. 0. 0. 0. 0. 0. 0. 0. 0. 0. 0.]
 [0. 1. 1. 1. 1. 1. 1. 1. 1. 1. 1. 1. 1. 1. 1. 1. 1. 1. 1. 1.]]
Shifter: [[0. 0. 0. 1. 0. 0.]
 [0. 0. 0. 0. 1. 0.]
 [0. 0. 0. 0. 0. 1.]
 [0. 0. 0. 1. 0. 1.]
 [0. 0. 0. 1. 1. 0.]
 [0. 0. 0. 0. 1. 1.]] 
 Composition: [0, 5]
 Power: -2
 Determinant: 0
  deBR: [[0. 0. 1. 0. 1. 1. 0. 1. 1. 0. 1. 1. 0. 1. 1. 0. 1. 1. 0. 1.]
 [0. 0. 0. 1. 1. 0. 1. 1. 0. 1. 1. 0. 1. 1. 0. 1. 1. 0. 1. 1.]
 [0. 1. 1. 1. 0. 1. 1. 0. 1. 1. 0. 1. 1. 0. 1. 1. 0. 1. 1. 0.]]
Shifter: [[0. 0. 0. 1. 0. 0.]
 [0. 0. 0. 0. 1. 0.]
 [0. 0. 0. 0. 0. 1.]
 [0. 0. 0. 1. 1. 0.]
 [0. 0. 0. 0. 1. 1.]
 [0. 0. 0. 1. 0. 1.]] 
 Composition: [0, 6]
 Power: -2
 Determinant: 0
  deBR: [[0. 0. 0. 1. 1. 0. 1. 1. 0. 1. 1. 0. 1. 1. 0. 1. 1. 0. 1. 1.]
 [0. 0. 1. 0. 1. 1. 0. 1. 1. 0. 1. 1. 0. 1. 1. 0. 1. 1. 0. 1.]
 [0. 1. 1. 1. 0. 1. 1. 0. 1. 1. 0. 1. 1. 0. 1. 1. 0. 1. 1. 0.]]
Shifter: [[0. 0. 0. 1. 0. 0.]
 [0. 0. 0. 0. 1. 0.]
 [0. 0. 0. 0. 0. 1.]
 [0. 0. 0. 1. 1. 1.]
 [0. 0. 0. 1. 1. 1.]
 [0. 0. 0. 1. 1. 1.]] 
 Composition: [0, 7]
 Power: -2
 Determinant: 0
  deBR: [[0. 0. 1. 1. 1. 1. 1. 1. 1. 1. 1. 1. 1. 1. 1. 1. 1. 1. 1. 1.]
 [0. 0. 1. 1. 1. 1. 1. 1. 1. 1. 1. 1. 1. 1. 1. 1. 1. 1. 1. 1.]
 [0. 1. 1. 1. 1. 1. 1. 1. 1. 1. 1. 1. 1. 1. 1. 1. 1. 1. 1. 1.]]
Shifter: [[0. 0. 0. 1. 0. 0.]
 [0. 0. 0. 0. 1. 0.]
 [0. 0. 0. 0. 0. 1.]
 [0. 0. 1. 0. 0. 0.]
 [1. 0. 0. 0. 0. 0.]
 [0. 1. 0. 0. 0. 0.]] 
 Composition: [1, 0]
 Power: 6
 Determinant: 1
  deBR: [[0. 0. 0. 1. 0. 0. 0. 0. 0. 1. 0. 0. 0. 0. 0. 1. 0. 0. 0. 0.]
 [0. 0. 0. 0. 0. 1. 0. 0. 0. 0. 0. 1. 0. 0. 0. 0. 0. 1. 0. 0.]
 [0. 1. 0. 0. 0. 0. 0. 1. 0. 0. 0. 0. 0. 1. 0. 0. 0. 0. 0. 1.]]
Shifter: [[0. 0. 0. 1. 0. 0.]
 [0. 0. 0. 0. 1. 0.]
 [0. 0. 0. 0. 0. 1.]
 [0. 0. 1. 0. 0. 1.]
 [1. 0. 0. 1. 0. 0.]
 [0. 1. 0. 0. 1. 0.]] 
 Composition: [1, 1]
 Power: 15
 Determinant: 1
  deBR: [[0. 0. 1. 1. 0. 1. 0. 0. 1. 0. 1. 0. 1. 0. 0. 0. 0. 1. 1. 0.]
 [0. 0. 0. 1. 0. 1. 1. 1. 0. 1. 1. 1. 1. 1. 1. 0. 0. 0. 1. 0.]
 [0. 1. 0. 0. 1. 1. 1. 0. 0. 1. 1. 0. 0. 0. 0. 0. 1. 0. 0. 1.]]
Shifter: [[0. 0. 0. 1. 0. 0.]
 [0. 0. 0. 0. 1. 0.]
 [0. 0. 0. 0. 0. 1.]
 [0. 0. 1. 0. 1. 0.]
 [1. 0. 0. 0. 0. 1.]
 [0. 1. 0. 1. 0. 0.]] 
 Composition: [1, 2]
 Power: 3
 Determinant: 1
  deBR: [[0. 0. 0. 0. 0. 0. 0. 0. 0. 0. 0. 0. 0. 0. 0. 0. 0. 0. 0. 0.]
 [0. 0. 1. 0. 0. 1. 0. 0. 1. 0. 0. 1. 0. 0. 1. 0. 0. 1. 0. 0.]
 [0. 1. 0. 0. 1. 0. 0. 1. 0. 0. 1. 0. 0. 1. 0. 0. 1. 0. 0. 1.]]
Shifter: [[0. 0. 0. 1. 0. 0.]
 [0. 0. 0. 0. 1. 0.]
 [0. 0. 0. 0. 0. 1.]
 [0. 0. 1. 0. 1. 1.]
 [1. 0. 0. 1. 0. 1.]
 [0. 1. 0. 1. 1. 0.]] 
 Composition: [1, 3]
 Power: -2
 Determinant: 1
  deBR: [[0. 0. 1. 0. 1. 1. 0. 1. 1. 1. 0. 0. 1. 1. 1. 1. 1. 0. 1. 0.]
 [0. 0. 1. 1. 1. 1. 1. 0. 1. 0. 0. 1. 0. 0. 0. 1. 1. 0. 0. 0.]
 [0. 1. 0. 0. 0. 1. 1. 0. 0. 0. 0. 0. 1. 0. 1. 1. 0. 1. 1. 1.]]
Shifter: [[0. 0. 0. 1. 0. 0.]
 [0. 0. 0. 0. 1. 0.]
 [0. 0. 0. 0. 0. 1.]
 [0. 0. 1. 1. 0. 0.]
 [1. 0. 0. 0. 1. 0.]
 [0. 1. 0. 0. 0. 1.]] 
 Composition: [1, 4]
 Power: 15
 Determinant: 1
  deBR: [[0. 0. 0. 1. 0. 1. 0. 1. 0. 0. 1. 0. 1. 1. 0. 0. 0. 0. 1. 0.]
 [0. 0. 0. 0. 0. 1. 1. 0. 0. 1. 1. 1. 0. 0. 1. 0. 0. 0. 0. 0.]
 [0. 1. 1. 1. 1. 1. 1. 0. 1. 1. 1. 0. 1. 0. 0. 0. 1. 1. 1. 1.]]
Shifter: [[0. 0. 0. 1. 0. 0.]
 [0. 0. 0. 0. 1. 0.]
 [0. 0. 0. 0. 0. 1.]
 [0. 0. 1. 1. 0. 1.]
 [1. 0. 0. 1. 1. 0.]
 [0. 1. 0. 0. 1. 1.]] 
 Composition: [1, 5]
 Power: 6
 Determinant: 1
  deBR: [[0. 0. 1. 1. 1. 0. 0. 0. 1. 1. 1. 0. 0. 0. 1. 1. 1. 0. 0. 0.]
 [0. 0. 0. 1. 1. 1. 0. 0. 0. 1. 1. 1. 0. 0. 0. 1. 1. 1. 0. 0.]
 [0. 1. 1. 1. 0. 0. 0. 1. 1. 1. 0. 0. 0. 1. 1. 1. 0. 0. 0. 1.]]
Shifter: [[0. 0. 0. 1. 0. 0.]
 [0. 0. 0. 0. 1. 0.]
 [0. 0. 0. 0. 0. 1.]
 [0. 0. 1. 1. 1. 0.]
 [1. 0. 0. 0. 1. 1.]
 [0. 1. 0. 1. 0. 1.]] 
 Composition: [1, 6]
 Power: -2
 Determinant: 1
  deBR: [[0. 0. 0. 0. 1. 1. 0. 0. 0. 1. 0. 0. 1. 0. 1. 1. 1. 1. 1. 0.]
 [0. 0. 1. 0. 1. 1. 1. 1. 1. 0. 0. 1. 1. 1. 0. 1. 1. 0. 1. 0.]
 [0. 1. 1. 1. 0. 1. 1. 0. 1. 0. 0. 0. 0. 0. 1. 1. 0. 0. 0. 1.]]
Shifter: [[0. 0. 0. 1. 0. 0.]
 [0. 0. 0. 0. 1. 0.]
 [0. 0. 0. 0. 0. 1.]
 [0. 0. 1. 1. 1. 1.]
 [1. 0. 0. 1. 1. 1.]
 [0. 1. 0. 1. 1. 1.]] 
 Composition: [1, 7]
 Power: 6
 Determinant: 1
  deBR: [[0. 0. 1. 0. 1. 0. 0. 0. 1. 0. 1. 0. 0. 0. 1. 0. 1. 0. 0. 0.]
 [0. 0. 1. 1. 1. 1. 0. 0. 1. 1. 1. 1. 0. 0. 1. 1. 1. 1. 0. 0.]
 [0. 1. 1. 1. 1. 0. 0. 1. 1. 1. 1. 0. 0. 1. 1. 1. 1. 0. 0. 1.]]
Shifter: [[0. 0. 0. 1. 0. 0.]
 [0. 0. 0. 0. 1. 0.]
 [0. 0. 0. 0. 0. 1.]
 [0. 1. 0. 0. 0. 0.]
 [0. 0. 1. 0. 0. 0.]
 [1. 0. 0. 0. 0. 0.]] 
 Composition: [2, 0]
 Power: 6
 Determinant: 1
  deBR: [[0. 0. 0. 0. 0. 1. 0. 0. 0. 0. 0. 1. 0. 0. 0. 0. 0. 1. 0. 0.]
 [0. 0. 0. 1. 0. 0. 0. 0. 0. 1. 0. 0. 0. 0. 0. 1. 0. 0. 0. 0.]
 [0. 1. 0. 0. 0. 0. 0. 1. 0. 0. 0. 0. 0. 1. 0. 0. 0. 0. 0. 1.]]
Shifter: [[0. 0. 0. 1. 0. 0.]
 [0. 0. 0. 0. 1. 0.]
 [0. 0. 0. 0. 0. 1.]
 [0. 1. 0. 0. 0. 1.]
 [0. 0. 1. 1. 0. 0.]
 [1. 0. 0. 0. 1. 0.]] 
 Composition: [2, 1]
 Power: 3
 Determinant: 1
  deBR: [[0. 0. 1. 0. 0. 1. 0. 0. 1. 0. 0. 1. 0. 0. 1. 0. 0. 1. 0. 0.]
 [0. 0. 0. 0. 0. 0. 0. 0. 0. 0. 0. 0. 0. 0. 0. 0. 0. 0. 0. 0.]
 [0. 1. 0. 0. 1. 0. 0. 1. 0. 0. 1. 0. 0. 1. 0. 0. 1. 0. 0. 1.]]
Shifter: [[0. 0. 0. 1. 0. 0.]
 [0. 0. 0. 0. 1. 0.]
 [0. 0. 0. 0. 0. 1.]
 [0. 1. 0. 0. 1. 0.]
 [0. 0. 1. 0. 0. 1.]
 [1. 0. 0. 1. 0. 0.]] 
 Composition: [2, 2]
 Power: 15
 Determinant: 1
  deBR: [[0. 0. 0. 1. 0. 1. 1. 1. 0. 1. 1. 1. 1. 1. 1. 0. 0. 0. 1. 0.]
 [0. 0. 1. 1. 0. 1. 0. 0. 1. 0. 1. 0. 1. 0. 0. 0. 0. 1. 1. 0.]
 [0. 1. 0. 0. 1. 1. 1. 0. 0. 1. 1. 0. 0. 0. 0. 0. 1. 0. 0. 1.]]
Shifter: [[0. 0. 0. 1. 0. 0.]
 [0. 0. 0. 0. 1. 0.]
 [0. 0. 0. 0. 0. 1.]
 [0. 1. 0. 0. 1. 1.]
 [0. 0. 1. 1. 0. 1.]
 [1. 0. 0. 1. 1. 0.]] 
 Composition: [2, 3]
 Power: -2
 Determinant: 1
  deBR: [[0. 0. 1. 1. 1. 1. 1. 0. 1. 0. 0. 1. 0. 0. 0. 1. 1. 0. 0. 0.]
 [0. 0. 1. 0. 1. 1. 0. 1. 1. 1. 0. 0. 1. 1. 1. 1. 1. 0. 1. 0.]
 [0. 1. 0. 0. 0. 1. 1. 0. 0. 0. 0. 0. 1. 0. 1. 1. 0. 1. 1. 1.]]
Shifter: [[0. 0. 0. 1. 0. 0.]
 [0. 0. 0. 0. 1. 0.]
 [0. 0. 0. 0. 0. 1.]
 [0. 1. 0. 1. 0. 0.]
 [0. 0. 1. 0. 1. 0.]
 [1. 0. 0. 0. 0. 1.]] 
 Composition: [2, 4]
 Power: 15
 Determinant: 1
  deBR: [[0. 0. 0. 0. 0. 1. 1. 0. 0. 1. 1. 1. 0. 0. 1. 0. 0. 0. 0. 0.]
 [0. 0. 0. 1. 0. 1. 0. 1. 0. 0. 1. 0. 1. 1. 0. 0. 0. 0. 1. 0.]
 [0. 1. 1. 1. 1. 1. 1. 0. 1. 1. 1. 0. 1. 0. 0. 0. 1. 1. 1. 1.]]
Shifter: [[0. 0. 0. 1. 0. 0.]
 [0. 0. 0. 0. 1. 0.]
 [0. 0. 0. 0. 0. 1.]
 [0. 1. 0. 1. 0. 1.]
 [0. 0. 1. 1. 1. 0.]
 [1. 0. 0. 0. 1. 1.]] 
 Composition: [2, 5]
 Power: -2
 Determinant: 1
  deBR: [[0. 0. 1. 0. 1. 1. 1. 1. 1. 0. 0. 1. 1. 1. 0. 1. 1. 0. 1. 0.]
 [0. 0. 0. 0. 1. 1. 0. 0. 0. 1. 0. 0. 1. 0. 1. 1. 1. 1. 1. 0.]
 [0. 1. 1. 1. 0. 1. 1. 0. 1. 0. 0. 0. 0. 0. 1. 1. 0. 0. 0. 1.]]
Shifter: [[0. 0. 0. 1. 0. 0.]
 [0. 0. 0. 0. 1. 0.]
 [0. 0. 0. 0. 0. 1.]
 [0. 1. 0. 1. 1. 0.]
 [0. 0. 1. 0. 1. 1.]
 [1. 0. 0. 1. 0. 1.]] 
 Composition: [2, 6]
 Power: 6
 Determinant: 1
  deBR: [[0. 0. 0. 1. 1. 1. 0. 0. 0. 1. 1. 1. 0. 0. 0. 1. 1. 1. 0. 0.]
 [0. 0. 1. 1. 1. 0. 0. 0. 1. 1. 1. 0. 0. 0. 1. 1. 1. 0. 0. 0.]
 [0. 1. 1. 1. 0. 0. 0. 1. 1. 1. 0. 0. 0. 1. 1. 1. 0. 0. 0. 1.]]
Shifter: [[0. 0. 0. 1. 0. 0.]
 [0. 0. 0. 0. 1. 0.]
 [0. 0. 0. 0. 0. 1.]
 [0. 1. 0. 1. 1. 1.]
 [0. 0. 1. 1. 1. 1.]
 [1. 0. 0. 1. 1. 1.]] 
 Composition: [2, 7]
 Power: 6
 Determinant: 1
  deBR: [[0. 0. 1. 1. 1. 1. 0. 0. 1. 1. 1. 1. 0. 0. 1. 1. 1. 1. 0. 0.]
 [0. 0. 1. 0. 1. 0. 0. 0. 1. 0. 1. 0. 0. 0. 1. 0. 1. 0. 0. 0.]
 [0. 1. 1. 1. 1. 0. 0. 1. 1. 1. 1. 0. 0. 1. 1. 1. 1. 0. 0. 1.]]
Shifter: [[0. 0. 0. 1. 0. 0.]
 [0. 0. 0. 0. 1. 0.]
 [0. 0. 0. 0. 0. 1.]
 [0. 1. 1. 0. 0. 0.]
 [1. 0. 1. 0. 0. 0.]
 [1. 1. 0. 0. 0. 0.]] 
 Composition: [3, 0]
 Power: -2
 Determinant: 0
  deBR: [[0. 0. 0. 1. 0. 1. 0. 1. 0. 1. 0. 1. 0. 1. 0. 1. 0. 1. 0. 1.]
 [0. 0. 0. 1. 0. 1. 0. 1. 0. 1. 0. 1. 0. 1. 0. 1. 0. 1. 0. 1.]
 [0. 1. 0. 0. 0. 0. 0. 0. 0. 0. 0. 0. 0. 0. 0. 0. 0. 0. 0. 0.]]
Shifter: [[0. 0. 0. 1. 0. 0.]
 [0. 0. 0. 0. 1. 0.]
 [0. 0. 0. 0. 0. 1.]
 [0. 1. 1. 0. 0. 1.]
 [1. 0. 1. 1. 0. 0.]
 [1. 1. 0. 0. 1. 0.]] 
 Composition: [3, 1]
 Power: -2
 Determinant: 0
  deBR: [[0. 0. 1. 1. 0. 1. 0. 1. 1. 0. 1. 0. 1. 1. 0. 1. 0. 1. 1. 0.]
 [0. 0. 0. 0. 0. 1. 0. 0. 0. 0. 1. 0. 0. 0. 0. 1. 0. 0. 0. 0.]
 [0. 1. 0. 0. 1. 1. 1. 0. 0. 1. 1. 1. 0. 0. 1. 1. 1. 0. 0. 1.]]
Shifter: [[0. 0. 0. 1. 0. 0.]
 [0. 0. 0. 0. 1. 0.]
 [0. 0. 0. 0. 0. 1.]
 [0. 1. 1. 0. 1. 0.]
 [1. 0. 1. 0. 0. 1.]
 [1. 1. 0. 1. 0. 0.]] 
 Composition: [3, 2]
 Power: -2
 Determinant: 0
  deBR: [[0. 0. 0. 0. 0. 1. 0. 0. 0. 0. 1. 0. 0. 0. 0. 1. 0. 0. 0. 0.]
 [0. 0. 1. 1. 0. 1. 0. 1. 1. 0. 1. 0. 1. 1. 0. 1. 0. 1. 1. 0.]
 [0. 1. 0. 0. 1. 1. 1. 0. 0. 1. 1. 1. 0. 0. 1. 1. 1. 0. 0. 1.]]
Shifter: [[0. 0. 0. 1. 0. 0.]
 [0. 0. 0. 0. 1. 0.]
 [0. 0. 0. 0. 0. 1.]
 [0. 1. 1. 0. 1. 1.]
 [1. 0. 1. 1. 0. 1.]
 [1. 1. 0. 1. 1. 0.]] 
 Composition: [3, 3]
 Power: -2
 Determinant: 0
  deBR: [[0. 0. 1. 0. 1. 1. 0. 1. 1. 0. 1. 1. 0. 1. 1. 0. 1. 1. 0. 1.]
 [0. 0. 1. 0. 1. 1. 0. 1. 1. 0. 1. 1. 0. 1. 1. 0. 1. 1. 0. 1.]
 [0. 1. 0. 0. 0. 0. 0. 0. 0. 0. 0. 0. 0. 0. 0. 0. 0. 0. 0. 0.]]
Shifter: [[0. 0. 0. 1. 0. 0.]
 [0. 0. 0. 0. 1. 0.]
 [0. 0. 0. 0. 0. 1.]
 [0. 1. 1. 1. 0. 0.]
 [1. 0. 1. 0. 1. 0.]
 [1. 1. 0. 0. 0. 1.]] 
 Composition: [3, 4]
 Power: -2
 Determinant: 0
  deBR: [[0. 0. 0. 1. 0. 0. 1. 0. 0. 1. 0. 0. 1. 0. 0. 1. 0. 0. 1. 0.]
 [0. 0. 0. 1. 0. 0. 1. 0. 0. 1. 0. 0. 1. 0. 0. 1. 0. 0. 1. 0.]
 [0. 1. 1. 1. 1. 1. 1. 1. 1. 1. 1. 1. 1. 1. 1. 1. 1. 1. 1. 1.]]
Shifter: [[0. 0. 0. 1. 0. 0.]
 [0. 0. 0. 0. 1. 0.]
 [0. 0. 0. 0. 0. 1.]
 [0. 1. 1. 1. 0. 1.]
 [1. 0. 1. 1. 1. 0.]
 [1. 1. 0. 0. 1. 1.]] 
 Composition: [3, 5]
 Power: -2
 Determinant: 0
  deBR: [[0. 0. 1. 1. 1. 0. 1. 1. 1. 1. 0. 1. 1. 1. 1. 0. 1. 1. 1. 1.]
 [0. 0. 0. 0. 1. 0. 1. 0. 0. 1. 0. 1. 0. 0. 1. 0. 1. 0. 0. 1.]
 [0. 1. 1. 1. 0. 0. 0. 1. 1. 0. 0. 0. 1. 1. 0. 0. 0. 1. 1. 0.]]
Shifter: [[0. 0. 0. 1. 0. 0.]
 [0. 0. 0. 0. 1. 0.]
 [0. 0. 0. 0. 0. 1.]
 [0. 1. 1. 1. 1. 0.]
 [1. 0. 1. 0. 1. 1.]
 [1. 1. 0. 1. 0. 1.]] 
 Composition: [3, 6]
 Power: -2
 Determinant: 0
  deBR: [[0. 0. 0. 0. 1. 0. 1. 0. 0. 1. 0. 1. 0. 0. 1. 0. 1. 0. 0. 1.]
 [0. 0. 1. 1. 1. 0. 1. 1. 1. 1. 0. 1. 1. 1. 1. 0. 1. 1. 1. 1.]
 [0. 1. 1. 1. 0. 0. 0. 1. 1. 0. 0. 0. 1. 1. 0. 0. 0. 1. 1. 0.]]
Shifter: [[0. 0. 0. 1. 0. 0.]
 [0. 0. 0. 0. 1. 0.]
 [0. 0. 0. 0. 0. 1.]
 [0. 1. 1. 1. 1. 1.]
 [1. 0. 1. 1. 1. 1.]
 [1. 1. 0. 1. 1. 1.]] 
 Composition: [3, 7]
 Power: -2
 Determinant: 0
  deBR: [[0. 0. 1. 0. 1. 0. 1. 0. 1. 0. 1. 0. 1. 0. 1. 0. 1. 0. 1. 0.]
 [0. 0. 1. 0. 1. 0. 1. 0. 1. 0. 1. 0. 1. 0. 1. 0. 1. 0. 1. 0.]
 [0. 1. 1. 1. 1. 1. 1. 1. 1. 1. 1. 1. 1. 1. 1. 1. 1. 1. 1. 1.]]
Shifter: [[0. 0. 0. 1. 0. 0.]
 [0. 0. 0. 0. 1. 0.]
 [0. 0. 0. 0. 0. 1.]
 [1. 0. 0. 0. 0. 0.]
 [0. 1. 0. 0. 0. 0.]
 [0. 0. 1. 0. 0. 0.]] 
 Composition: [4, 0]
 Power: 2
 Determinant: 1
  deBR: [[0. 0. 0. 0. 0. 0. 0. 0. 0. 0. 0. 0. 0. 0. 0. 0. 0. 0. 0. 0.]
 [0. 0. 0. 0. 0. 0. 0. 0. 0. 0. 0. 0. 0. 0. 0. 0. 0. 0. 0. 0.]
 [0. 1. 0. 1. 0. 1. 0. 1. 0. 1. 0. 1. 0. 1. 0. 1. 0. 1. 0. 1.]]
Shifter: [[0. 0. 0. 1. 0. 0.]
 [0. 0. 0. 0. 1. 0.]
 [0. 0. 0. 0. 0. 1.]
 [1. 0. 0. 0. 0. 1.]
 [0. 1. 0. 1. 0. 0.]
 [0. 0. 1. 0. 1. 0.]] 
 Composition: [4, 1]
 Power: 15
 Determinant: 1
  deBR: [[0. 0. 1. 0. 0. 1. 1. 1. 1. 1. 1. 0. 0. 1. 0. 0. 0. 1. 0. 0.]
 [0. 0. 0. 1. 0. 1. 1. 0. 0. 1. 1. 0. 1. 0. 0. 0. 0. 0. 1. 0.]
 [0. 1. 0. 1. 1. 1. 0. 0. 0. 0. 1. 1. 1. 0. 1. 0. 1. 0. 1. 1.]]
Shifter: [[0. 0. 0. 1. 0. 0.]
 [0. 0. 0. 0. 1. 0.]
 [0. 0. 0. 0. 0. 1.]
 [1. 0. 0. 0. 1. 0.]
 [0. 1. 0. 0. 0. 1.]
 [0. 0. 1. 1. 0. 0.]] 
 Composition: [4, 2]
 Power: 15
 Determinant: 1
  deBR: [[0. 0. 0. 1. 0. 1. 1. 0. 0. 1. 1. 0. 1. 0. 0. 0. 0. 0. 1. 0.]
 [0. 0. 1. 0. 0. 1. 1. 1. 1. 1. 1. 0. 0. 1. 0. 0. 0. 1. 0. 0.]
 [0. 1. 0. 1. 1. 1. 0. 0. 0. 0. 1. 1. 1. 0. 1. 0. 1. 0. 1. 1.]]
Shifter: [[0. 0. 0. 1. 0. 0.]
 [0. 0. 0. 0. 1. 0.]
 [0. 0. 0. 0. 0. 1.]
 [1. 0. 0. 0. 1. 1.]
 [0. 1. 0. 1. 0. 1.]
 [0. 0. 1. 1. 1. 0.]] 
 Composition: [4, 3]
 Power: 6
 Determinant: 1
  deBR: [[0. 0. 1. 1. 1. 0. 0. 0. 1. 1. 1. 0. 0. 0. 1. 1. 1. 0. 0. 0.]
 [0. 0. 1. 1. 1. 0. 0. 0. 1. 1. 1. 0. 0. 0. 1. 1. 1. 0. 0. 0.]
 [0. 1. 0. 1. 0. 1. 0. 1. 0. 1. 0. 1. 0. 1. 0. 1. 0. 1. 0. 1.]]
Shifter: [[0. 0. 0. 1. 0. 0.]
 [0. 0. 0. 0. 1. 0.]
 [0. 0. 0. 0. 0. 1.]
 [1. 0. 0. 1. 0. 0.]
 [0. 1. 0. 0. 1. 0.]
 [0. 0. 1. 0. 0. 1.]] 
 Composition: [4, 4]
 Power: 3
 Determinant: 1
  deBR: [[0. 0. 0. 0. 0. 0. 0. 0. 0. 0. 0. 0. 0. 0. 0. 0. 0. 0. 0. 0.]
 [0. 0. 0. 0. 0. 0. 0. 0. 0. 0. 0. 0. 0. 0. 0. 0. 0. 0. 0. 0.]
 [0. 1. 1. 0. 1. 1. 0. 1. 1. 0. 1. 1. 0. 1. 1. 0. 1. 1. 0. 1.]]
Shifter: [[0. 0. 0. 1. 0. 0.]
 [0. 0. 0. 0. 1. 0.]
 [0. 0. 0. 0. 0. 1.]
 [1. 0. 0. 1. 0. 1.]
 [0. 1. 0. 1. 1. 0.]
 [0. 0. 1. 0. 1. 1.]] 
 Composition: [4, 5]
 Power: 10
 Determinant: 1
  deBR: [[0. 0. 1. 0. 1. 1. 1. 0. 1. 0. 0. 0. 1. 0. 1. 1. 1. 0. 1. 0.]
 [0. 0. 0. 1. 1. 1. 1. 1. 0. 0. 0. 0. 0. 1. 1. 1. 1. 1. 0. 0.]
 [0. 1. 1. 0. 0. 1. 0. 0. 1. 1. 0. 1. 1. 0. 0. 1. 0. 0. 1. 1.]]
Shifter: [[0. 0. 0. 1. 0. 0.]
 [0. 0. 0. 0. 1. 0.]
 [0. 0. 0. 0. 0. 1.]
 [1. 0. 0. 1. 1. 0.]
 [0. 1. 0. 0. 1. 1.]
 [0. 0. 1. 1. 0. 1.]] 
 Composition: [4, 6]
 Power: 10
 Determinant: 1
  deBR: [[0. 0. 0. 1. 1. 1. 1. 1. 0. 0. 0. 0. 0. 1. 1. 1. 1. 1. 0. 0.]
 [0. 0. 1. 0. 1. 1. 1. 0. 1. 0. 0. 0. 1. 0. 1. 1. 1. 0. 1. 0.]
 [0. 1. 1. 0. 0. 1. 0. 0. 1. 1. 0. 1. 1. 0. 0. 1. 0. 0. 1. 1.]]
Shifter: [[0. 0. 0. 1. 0. 0.]
 [0. 0. 0. 0. 1. 0.]
 [0. 0. 0. 0. 0. 1.]
 [1. 0. 0. 1. 1. 1.]
 [0. 1. 0. 1. 1. 1.]
 [0. 0. 1. 1. 1. 1.]] 
 Composition: [4, 7]
 Power: 6
 Determinant: 1
  deBR: [[0. 0. 1. 1. 1. 0. 0. 0. 1. 1. 1. 0. 0. 0. 1. 1. 1. 0. 0. 0.]
 [0. 0. 1. 1. 1. 0. 0. 0. 1. 1. 1. 0. 0. 0. 1. 1. 1. 0. 0. 0.]
 [0. 1. 1. 0. 1. 1. 0. 1. 1. 0. 1. 1. 0. 1. 1. 0. 1. 1. 0. 1.]]
Shifter: [[0. 0. 0. 1. 0. 0.]
 [0. 0. 0. 0. 1. 0.]
 [0. 0. 0. 0. 0. 1.]
 [1. 0. 1. 0. 0. 0.]
 [1. 1. 0. 0. 0. 0.]
 [0. 1. 1. 0. 0. 0.]] 
 Composition: [5, 0]
 Power: -2
 Determinant: 0
  deBR: [[0. 0. 0. 1. 0. 0. 0. 1. 0. 1. 0. 0. 0. 1. 0. 1. 0. 0. 0. 1.]
 [0. 0. 0. 0. 0. 1. 0. 1. 0. 0. 0. 1. 0. 1. 0. 0. 0. 1. 0. 1.]
 [0. 1. 0. 1. 0. 1. 0. 0. 0. 1. 0. 1. 0. 0. 0. 1. 0. 1. 0. 0.]]
Shifter: [[0. 0. 0. 1. 0. 0.]
 [0. 0. 0. 0. 1. 0.]
 [0. 0. 0. 0. 0. 1.]
 [1. 0. 1. 0. 0. 1.]
 [1. 1. 0. 1. 0. 0.]
 [0. 1. 1. 0. 1. 0.]] 
 Composition: [5, 1]
 Power: -2
 Determinant: 0
  deBR: [[0. 0. 1. 1. 0. 1. 1. 0. 1. 1. 0. 1. 1. 0. 1. 1. 0. 1. 1. 0.]
 [0. 0. 0. 1. 0. 0. 1. 0. 0. 1. 0. 0. 1. 0. 0. 1. 0. 0. 1. 0.]
 [0. 1. 0. 1. 1. 0. 1. 1. 0. 1. 1. 0. 1. 1. 0. 1. 1. 0. 1. 1.]]
Shifter: [[0. 0. 0. 1. 0. 0.]
 [0. 0. 0. 0. 1. 0.]
 [0. 0. 0. 0. 0. 1.]
 [1. 0. 1. 0. 1. 0.]
 [1. 1. 0. 0. 0. 1.]
 [0. 1. 1. 1. 0. 0.]] 
 Composition: [5, 2]
 Power: -2
 Determinant: 0
  deBR: [[0. 0. 0. 0. 0. 1. 0. 1. 0. 0. 1. 1. 0. 1. 1. 1. 0. 0. 0. 0.]
 [0. 0. 1. 0. 0. 1. 1. 0. 1. 1. 1. 0. 0. 0. 0. 1. 0. 1. 0. 0.]
 [0. 1. 0. 1. 1. 1. 0. 0. 0. 0. 1. 0. 1. 0. 0. 1. 1. 0. 1. 1.]]
Shifter: [[0. 0. 0. 1. 0. 0.]
 [0. 0. 0. 0. 1. 0.]
 [0. 0. 0. 0. 0. 1.]
 [1. 0. 1. 0. 1. 1.]
 [1. 1. 0. 1. 0. 1.]
 [0. 1. 1. 1. 1. 0.]] 
 Composition: [5, 3]
 Power: -2
 Determinant: 0
  deBR: [[0. 0. 1. 0. 1. 0. 1. 1. 1. 1. 0. 0. 0. 1. 0. 0. 1. 1. 0. 1.]
 [0. 0. 1. 1. 1. 0. 0. 0. 1. 0. 0. 1. 1. 0. 1. 0. 1. 1. 1. 1.]
 [0. 1. 0. 1. 0. 0. 1. 1. 0. 1. 0. 1. 1. 1. 1. 0. 0. 0. 1. 0.]]
Shifter: [[0. 0. 0. 1. 0. 0.]
 [0. 0. 0. 0. 1. 0.]
 [0. 0. 0. 0. 0. 1.]
 [1. 0. 1. 1. 0. 0.]
 [1. 1. 0. 0. 1. 0.]
 [0. 1. 1. 0. 0. 1.]] 
 Composition: [5, 4]
 Power: -2
 Determinant: 0
  deBR: [[0. 0. 0. 1. 0. 1. 0. 0. 0. 0. 1. 1. 1. 0. 1. 1. 0. 0. 1. 0.]
 [0. 0. 0. 0. 0. 1. 1. 1. 0. 1. 1. 0. 0. 1. 0. 1. 0. 0. 0. 0.]
 [0. 1. 1. 0. 1. 1. 0. 0. 1. 0. 1. 0. 0. 0. 0. 1. 1. 1. 0. 1.]]
Shifter: [[0. 0. 0. 1. 0. 0.]
 [0. 0. 0. 0. 1. 0.]
 [0. 0. 0. 0. 0. 1.]
 [1. 0. 1. 1. 0. 1.]
 [1. 1. 0. 1. 1. 0.]
 [0. 1. 1. 0. 1. 1.]] 
 Composition: [5, 5]
 Power: -2
 Determinant: 0
  deBR: [[0. 0. 1. 1. 1. 0. 1. 0. 1. 1. 0. 0. 1. 0. 0. 0. 1. 1. 1. 1.]
 [0. 0. 0. 1. 1. 0. 0. 1. 0. 0. 0. 1. 1. 1. 1. 0. 1. 0. 1. 1.]
 [0. 1. 1. 0. 0. 0. 1. 1. 1. 1. 0. 1. 0. 1. 1. 0. 0. 1. 0. 0.]]
Shifter: [[0. 0. 0. 1. 0. 0.]
 [0. 0. 0. 0. 1. 0.]
 [0. 0. 0. 0. 0. 1.]
 [1. 0. 1. 1. 1. 0.]
 [1. 1. 0. 0. 1. 1.]
 [0. 1. 1. 1. 0. 1.]] 
 Composition: [5, 6]
 Power: -2
 Determinant: 0
  deBR: [[0. 0. 0. 0. 1. 0. 0. 1. 0. 0. 1. 0. 0. 1. 0. 0. 1. 0. 0. 1.]
 [0. 0. 1. 0. 1. 1. 0. 1. 1. 0. 1. 1. 0. 1. 1. 0. 1. 1. 0. 1.]
 [0. 1. 1. 0. 0. 1. 0. 0. 1. 0. 0. 1. 0. 0. 1. 0. 0. 1. 0. 0.]]
Shifter: [[0. 0. 0. 1. 0. 0.]
 [0. 0. 0. 0. 1. 0.]
 [0. 0. 0. 0. 0. 1.]
 [1. 0. 1. 1. 1. 1.]
 [1. 1. 0. 1. 1. 1.]
 [0. 1. 1. 1. 1. 1.]] 
 Composition: [5, 7]
 Power: -2
 Determinant: 0
  deBR: [[0. 0. 1. 0. 1. 1. 1. 0. 1. 0. 1. 1. 1. 0. 1. 0. 1. 1. 1. 0.]
 [0. 0. 1. 1. 1. 0. 1. 0. 1. 1. 1. 0. 1. 0. 1. 1. 1. 0. 1. 0.]
 [0. 1. 1. 0. 1. 0. 1. 1. 1. 0. 1. 0. 1. 1. 1. 0. 1. 0. 1. 1.]]
Shifter: [[0. 0. 0. 1. 0. 0.]
 [0. 0. 0. 0. 1. 0.]
 [0. 0. 0. 0. 0. 1.]
 [1. 1. 0. 0. 0. 0.]
 [0. 1. 1. 0. 0. 0.]
 [1. 0. 1. 0. 0. 0.]] 
 Composition: [6, 0]
 Power: -2
 Determinant: 0
  deBR: [[0. 0. 0. 0. 0. 1. 0. 1. 0. 0. 0. 1. 0. 1. 0. 0. 0. 1. 0. 1.]
 [0. 0. 0. 1. 0. 0. 0. 1. 0. 1. 0. 0. 0. 1. 0. 1. 0. 0. 0. 1.]
 [0. 1. 0. 1. 0. 1. 0. 0. 0. 1. 0. 1. 0. 0. 0. 1. 0. 1. 0. 0.]]
Shifter: [[0. 0. 0. 1. 0. 0.]
 [0. 0. 0. 0. 1. 0.]
 [0. 0. 0. 0. 0. 1.]
 [1. 1. 0. 0. 0. 1.]
 [0. 1. 1. 1. 0. 0.]
 [1. 0. 1. 0. 1. 0.]] 
 Composition: [6, 1]
 Power: -2
 Determinant: 0
  deBR: [[0. 0. 1. 0. 0. 1. 1. 0. 1. 1. 1. 0. 0. 0. 0. 1. 0. 1. 0. 0.]
 [0. 0. 0. 0. 0. 1. 0. 1. 0. 0. 1. 1. 0. 1. 1. 1. 0. 0. 0. 0.]
 [0. 1. 0. 1. 1. 1. 0. 0. 0. 0. 1. 0. 1. 0. 0. 1. 1. 0. 1. 1.]]
Shifter: [[0. 0. 0. 1. 0. 0.]
 [0. 0. 0. 0. 1. 0.]
 [0. 0. 0. 0. 0. 1.]
 [1. 1. 0. 0. 1. 0.]
 [0. 1. 1. 0. 0. 1.]
 [1. 0. 1. 1. 0. 0.]] 
 Composition: [6, 2]
 Power: -2
 Determinant: 0
  deBR: [[0. 0. 0. 1. 0. 0. 1. 0. 0. 1. 0. 0. 1. 0. 0. 1. 0. 0. 1. 0.]
 [0. 0. 1. 1. 0. 1. 1. 0. 1. 1. 0. 1. 1. 0. 1. 1. 0. 1. 1. 0.]
 [0. 1. 0. 1. 1. 0. 1. 1. 0. 1. 1. 0. 1. 1. 0. 1. 1. 0. 1. 1.]]
Shifter: [[0. 0. 0. 1. 0. 0.]
 [0. 0. 0. 0. 1. 0.]
 [0. 0. 0. 0. 0. 1.]
 [1. 1. 0. 0. 1. 1.]
 [0. 1. 1. 1. 0. 1.]
 [1. 0. 1. 1. 1. 0.]] 
 Composition: [6, 3]
 Power: -2
 Determinant: 0
  deBR: [[0. 0. 1. 1. 1. 0. 0. 0. 1. 0. 0. 1. 1. 0. 1. 0. 1. 1. 1. 1.]
 [0. 0. 1. 0. 1. 0. 1. 1. 1. 1. 0. 0. 0. 1. 0. 0. 1. 1. 0. 1.]
 [0. 1. 0. 1. 0. 0. 1. 1. 0. 1. 0. 1. 1. 1. 1. 0. 0. 0. 1. 0.]]
Shifter: [[0. 0. 0. 1. 0. 0.]
 [0. 0. 0. 0. 1. 0.]
 [0. 0. 0. 0. 0. 1.]
 [1. 1. 0. 1. 0. 0.]
 [0. 1. 1. 0. 1. 0.]
 [1. 0. 1. 0. 0. 1.]] 
 Composition: [6, 4]
 Power: -2
 Determinant: 0
  deBR: [[0. 0. 0. 0. 0. 1. 1. 1. 0. 1. 1. 0. 0. 1. 0. 1. 0. 0. 0. 0.]
 [0. 0. 0. 1. 0. 1. 0. 0. 0. 0. 1. 1. 1. 0. 1. 1. 0. 0. 1. 0.]
 [0. 1. 1. 0. 1. 1. 0. 0. 1. 0. 1. 0. 0. 0. 0. 1. 1. 1. 0. 1.]]
Shifter: [[0. 0. 0. 1. 0. 0.]
 [0. 0. 0. 0. 1. 0.]
 [0. 0. 0. 0. 0. 1.]
 [1. 1. 0. 1. 0. 1.]
 [0. 1. 1. 1. 1. 0.]
 [1. 0. 1. 0. 1. 1.]] 
 Composition: [6, 5]
 Power: -2
 Determinant: 0
  deBR: [[0. 0. 1. 0. 1. 1. 0. 1. 1. 0. 1. 1. 0. 1. 1. 0. 1. 1. 0. 1.]
 [0. 0. 0. 0. 1. 0. 0. 1. 0. 0. 1. 0. 0. 1. 0. 0. 1. 0. 0. 1.]
 [0. 1. 1. 0. 0. 1. 0. 0. 1. 0. 0. 1. 0. 0. 1. 0. 0. 1. 0. 0.]]
Shifter: [[0. 0. 0. 1. 0. 0.]
 [0. 0. 0. 0. 1. 0.]
 [0. 0. 0. 0. 0. 1.]
 [1. 1. 0. 1. 1. 0.]
 [0. 1. 1. 0. 1. 1.]
 [1. 0. 1. 1. 0. 1.]] 
 Composition: [6, 6]
 Power: -2
 Determinant: 0
  deBR: [[0. 0. 0. 1. 1. 0. 0. 1. 0. 0. 0. 1. 1. 1. 1. 0. 1. 0. 1. 1.]
 [0. 0. 1. 1. 1. 0. 1. 0. 1. 1. 0. 0. 1. 0. 0. 0. 1. 1. 1. 1.]
 [0. 1. 1. 0. 0. 0. 1. 1. 1. 1. 0. 1. 0. 1. 1. 0. 0. 1. 0. 0.]]
Shifter: [[0. 0. 0. 1. 0. 0.]
 [0. 0. 0. 0. 1. 0.]
 [0. 0. 0. 0. 0. 1.]
 [1. 1. 0. 1. 1. 1.]
 [0. 1. 1. 1. 1. 1.]
 [1. 0. 1. 1. 1. 1.]] 
 Composition: [6, 7]
 Power: -2
 Determinant: 0
  deBR: [[0. 0. 1. 1. 1. 0. 1. 0. 1. 1. 1. 0. 1. 0. 1. 1. 1. 0. 1. 0.]
 [0. 0. 1. 0. 1. 1. 1. 0. 1. 0. 1. 1. 1. 0. 1. 0. 1. 1. 1. 0.]
 [0. 1. 1. 0. 1. 0. 1. 1. 1. 0. 1. 0. 1. 1. 1. 0. 1. 0. 1. 1.]]
Shifter: [[0. 0. 0. 1. 0. 0.]
 [0. 0. 0. 0. 1. 0.]
 [0. 0. 0. 0. 0. 1.]
 [1. 1. 1. 0. 0. 0.]
 [1. 1. 1. 0. 0. 0.]
 [1. 1. 1. 0. 0. 0.]] 
 Composition: [7, 0]
 Power: -2
 Determinant: 0
  deBR: [[0. 0. 0. 1. 0. 1. 0. 1. 0. 1. 0. 1. 0. 1. 0. 1. 0. 1. 0. 1.]
 [0. 0. 0. 1. 0. 1. 0. 1. 0. 1. 0. 1. 0. 1. 0. 1. 0. 1. 0. 1.]
 [0. 1. 0. 1. 0. 1. 0. 1. 0. 1. 0. 1. 0. 1. 0. 1. 0. 1. 0. 1.]]
Shifter: [[0. 0. 0. 1. 0. 0.]
 [0. 0. 0. 0. 1. 0.]
 [0. 0. 0. 0. 0. 1.]
 [1. 1. 1. 0. 0. 1.]
 [1. 1. 1. 1. 0. 0.]
 [1. 1. 1. 0. 1. 0.]] 
 Composition: [7, 1]
 Power: -2
 Determinant: 0
  deBR: [[0. 0. 1. 1. 0. 1. 1. 0. 1. 1. 0. 1. 1. 0. 1. 1. 0. 1. 1. 0.]
 [0. 0. 0. 0. 0. 0. 0. 0. 0. 0. 0. 0. 0. 0. 0. 0. 0. 0. 0. 0.]
 [0. 1. 0. 1. 1. 0. 1. 1. 0. 1. 1. 0. 1. 1. 0. 1. 1. 0. 1. 1.]]
Shifter: [[0. 0. 0. 1. 0. 0.]
 [0. 0. 0. 0. 1. 0.]
 [0. 0. 0. 0. 0. 1.]
 [1. 1. 1. 0. 1. 0.]
 [1. 1. 1. 0. 0. 1.]
 [1. 1. 1. 1. 0. 0.]] 
 Composition: [7, 2]
 Power: -2
 Determinant: 0
  deBR: [[0. 0. 0. 0. 0. 0. 0. 0. 0. 0. 0. 0. 0. 0. 0. 0. 0. 0. 0. 0.]
 [0. 0. 1. 1. 0. 1. 1. 0. 1. 1. 0. 1. 1. 0. 1. 1. 0. 1. 1. 0.]
 [0. 1. 0. 1. 1. 0. 1. 1. 0. 1. 1. 0. 1. 1. 0. 1. 1. 0. 1. 1.]]
Shifter: [[0. 0. 0. 1. 0. 0.]
 [0. 0. 0. 0. 1. 0.]
 [0. 0. 0. 0. 0. 1.]
 [1. 1. 1. 0. 1. 1.]
 [1. 1. 1. 1. 0. 1.]
 [1. 1. 1. 1. 1. 0.]] 
 Composition: [7, 3]
 Power: -2
 Determinant: 0
  deBR: [[0. 0. 1. 0. 1. 0. 1. 0. 1. 0. 1. 0. 1. 0. 1. 0. 1. 0. 1. 0.]
 [0. 0. 1. 0. 1. 0. 1. 0. 1. 0. 1. 0. 1. 0. 1. 0. 1. 0. 1. 0.]
 [0. 1. 0. 1. 0. 1. 0. 1. 0. 1. 0. 1. 0. 1. 0. 1. 0. 1. 0. 1.]]
Shifter: [[0. 0. 0. 1. 0. 0.]
 [0. 0. 0. 0. 1. 0.]
 [0. 0. 0. 0. 0. 1.]
 [1. 1. 1. 1. 0. 0.]
 [1. 1. 1. 0. 1. 0.]
 [1. 1. 1. 0. 0. 1.]] 
 Composition: [7, 4]
 Power: -2
 Determinant: 0
  deBR: [[0. 0. 0. 1. 0. 0. 1. 0. 0. 1. 0. 0. 1. 0. 0. 1. 0. 0. 1. 0.]
 [0. 0. 0. 1. 0. 0. 1. 0. 0. 1. 0. 0. 1. 0. 0. 1. 0. 0. 1. 0.]
 [0. 1. 1. 0. 1. 1. 0. 1. 1. 0. 1. 1. 0. 1. 1. 0. 1. 1. 0. 1.]]
Shifter: [[0. 0. 0. 1. 0. 0.]
 [0. 0. 0. 0. 1. 0.]
 [0. 0. 0. 0. 0. 1.]
 [1. 1. 1. 1. 0. 1.]
 [1. 1. 1. 1. 1. 0.]
 [1. 1. 1. 0. 1. 1.]] 
 Composition: [7, 5]
 Power: -2
 Determinant: 0
  deBR: [[0. 0. 1. 1. 1. 0. 0. 0. 1. 1. 1. 0. 0. 0. 1. 1. 1. 0. 0. 0.]
 [0. 0. 0. 0. 1. 1. 1. 0. 0. 0. 1. 1. 1. 0. 0. 0. 1. 1. 1. 0.]
 [0. 1. 1. 0. 0. 0. 1. 1. 1. 0. 0. 0. 1. 1. 1. 0. 0. 0. 1. 1.]]
Shifter: [[0. 0. 0. 1. 0. 0.]
 [0. 0. 0. 0. 1. 0.]
 [0. 0. 0. 0. 0. 1.]
 [1. 1. 1. 1. 1. 0.]
 [1. 1. 1. 0. 1. 1.]
 [1. 1. 1. 1. 0. 1.]] 
 Composition: [7, 6]
 Power: -2
 Determinant: 0
  deBR: [[0. 0. 0. 0. 1. 1. 1. 0. 0. 0. 1. 1. 1. 0. 0. 0. 1. 1. 1. 0.]
 [0. 0. 1. 1. 1. 0. 0. 0. 1. 1. 1. 0. 0. 0. 1. 1. 1. 0. 0. 0.]
 [0. 1. 1. 0. 0. 0. 1. 1. 1. 0. 0. 0. 1. 1. 1. 0. 0. 0. 1. 1.]]
Shifter: [[0. 0. 0. 1. 0. 0.]
 [0. 0. 0. 0. 1. 0.]
 [0. 0. 0. 0. 0. 1.]
 [1. 1. 1. 1. 1. 1.]
 [1. 1. 1. 1. 1. 1.]
 [1. 1. 1. 1. 1. 1.]] 
 Composition: [7, 7]
 Power: -2
 Determinant: 0
  deBR: [[0. 0. 1. 0. 1. 1. 0. 1. 1. 0. 1. 1. 0. 1. 1. 0. 1. 1. 0. 1.]
 [0. 0. 1. 0. 1. 1. 0. 1. 1. 0. 1. 1. 0. 1. 1. 0. 1. 1. 0. 1.]
 [0. 1. 1. 0. 1. 1. 0. 1. 1. 0. 1. 1. 0. 1. 1. 0. 1. 1. 0. 1.]]
