Shifters for |A| = 2, 
 Window Size = (2, 3) 
 and 28 aperiodic windows
Shifter: [[0. 0. 1. 0. 0. 0.]
 [0. 0. 0. 1. 0. 0.]
 [0. 0. 0. 0. 1. 0.]
 [0. 0. 0. 0. 0. 1.]
 [0. 0. 0. 0. 0. 0.]
 [0. 0. 0. 0. 0. 0.]] 
 Composition: [0, 0, 0]
 Power: -1
 Determinant: 0
  deBR: [[0. 0. 0. 0. 0. 0. 0. 0. 0. 0. 0. 0. 0. 0. 0. 0. 0. 0. 0. 0. 0. 0. 0. 0.
  0. 0. 0. 0.]
 [0. 0. 1. 0. 0. 0. 0. 0. 0. 0. 0. 0. 0. 0. 0. 0. 0. 0. 0. 0. 0. 0. 0. 0.
  0. 0. 0. 0.]]
Shifter: [[0. 0. 1. 0. 0. 0.]
 [0. 0. 0. 1. 0. 0.]
 [0. 0. 0. 0. 1. 0.]
 [0. 0. 0. 0. 0. 1.]
 [0. 0. 0. 0. 0. 1.]
 [0. 0. 0. 0. 1. 0.]] 
 Composition: [0, 0, 1]
 Power: -2
 Determinant: 0
  deBR: [[0. 0. 0. 1. 0. 1. 0. 1. 0. 1. 0. 1. 0. 1. 0. 1. 0. 1. 0. 1. 0. 1. 0. 1.
  0. 1. 0. 1.]
 [0. 0. 1. 0. 1. 0. 1. 0. 1. 0. 1. 0. 1. 0. 1. 0. 1. 0. 1. 0. 1. 0. 1. 0.
  1. 0. 1. 0.]]
Shifter: [[0. 0. 1. 0. 0. 0.]
 [0. 0. 0. 1. 0. 0.]
 [0. 0. 0. 0. 1. 0.]
 [0. 0. 0. 0. 0. 1.]
 [0. 0. 0. 0. 1. 0.]
 [0. 0. 0. 0. 0. 1.]] 
 Composition: [0, 0, 2]
 Power: -2
 Determinant: 0
  deBR: [[0. 0. 0. 0. 0. 0. 0. 0. 0. 0. 0. 0. 0. 0. 0. 0. 0. 0. 0. 0. 0. 0. 0. 0.
  0. 0. 0. 0.]
 [0. 0. 1. 1. 1. 1. 1. 1. 1. 1. 1. 1. 1. 1. 1. 1. 1. 1. 1. 1. 1. 1. 1. 1.
  1. 1. 1. 1.]]
Shifter: [[0. 0. 1. 0. 0. 0.]
 [0. 0. 0. 1. 0. 0.]
 [0. 0. 0. 0. 1. 0.]
 [0. 0. 0. 0. 0. 1.]
 [0. 0. 0. 0. 1. 1.]
 [0. 0. 0. 0. 1. 1.]] 
 Composition: [0, 0, 3]
 Power: -1
 Determinant: 0
  deBR: [[0. 0. 0. 1. 0. 0. 0. 0. 0. 0. 0. 0. 0. 0. 0. 0. 0. 0. 0. 0. 0. 0. 0. 0.
  0. 0. 0. 0.]
 [0. 0. 1. 1. 0. 0. 0. 0. 0. 0. 0. 0. 0. 0. 0. 0. 0. 0. 0. 0. 0. 0. 0. 0.
  0. 0. 0. 0.]]
Shifter: [[0. 0. 1. 0. 0. 0.]
 [0. 0. 0. 1. 0. 0.]
 [0. 0. 0. 0. 1. 0.]
 [0. 0. 0. 0. 0. 1.]
 [0. 0. 0. 1. 0. 0.]
 [0. 0. 1. 0. 0. 0.]] 
 Composition: [0, 1, 0]
 Power: -2
 Determinant: 0
  deBR: [[0. 0. 0. 0. 1. 0. 0. 0. 1. 0. 0. 0. 1. 0. 0. 0. 1. 0. 0. 0. 1. 0. 0. 0.
  1. 0. 0. 0.]
 [0. 0. 1. 0. 0. 0. 1. 0. 0. 0. 1. 0. 0. 0. 1. 0. 0. 0. 1. 0. 0. 0. 1. 0.
  0. 0. 1. 0.]]
Shifter: [[0. 0. 1. 0. 0. 0.]
 [0. 0. 0. 1. 0. 0.]
 [0. 0. 0. 0. 1. 0.]
 [0. 0. 0. 0. 0. 1.]
 [0. 0. 0. 1. 0. 1.]
 [0. 0. 1. 0. 1. 0.]] 
 Composition: [0, 1, 1]
 Power: -2
 Determinant: 0
  deBR: [[0. 0. 0. 1. 1. 1. 1. 0. 0. 1. 1. 1. 1. 0. 0. 1. 1. 1. 1. 0. 0. 1. 1. 1.
  1. 0. 0. 1.]
 [0. 0. 1. 0. 1. 0. 0. 0. 1. 0. 1. 0. 0. 0. 1. 0. 1. 0. 0. 0. 1. 0. 1. 0.
  0. 0. 1. 0.]]
Shifter: [[0. 0. 1. 0. 0. 0.]
 [0. 0. 0. 1. 0. 0.]
 [0. 0. 0. 0. 1. 0.]
 [0. 0. 0. 0. 0. 1.]
 [0. 0. 0. 1. 1. 0.]
 [0. 0. 1. 0. 0. 1.]] 
 Composition: [0, 1, 2]
 Power: -2
 Determinant: 0
  deBR: [[0. 0. 0. 0. 1. 0. 1. 0. 0. 0. 1. 0. 1. 0. 0. 0. 1. 0. 1. 0. 0. 0. 1. 0.
  1. 0. 0. 0.]
 [0. 0. 1. 1. 1. 1. 0. 0. 1. 1. 1. 1. 0. 0. 1. 1. 1. 1. 0. 0. 1. 1. 1. 1.
  0. 0. 1. 1.]]
Shifter: [[0. 0. 1. 0. 0. 0.]
 [0. 0. 0. 1. 0. 0.]
 [0. 0. 0. 0. 1. 0.]
 [0. 0. 0. 0. 0. 1.]
 [0. 0. 0. 1. 1. 1.]
 [0. 0. 1. 0. 1. 1.]] 
 Composition: [0, 1, 3]
 Power: -2
 Determinant: 0
  deBR: [[0. 0. 0. 1. 1. 0. 0. 1. 1. 0. 0. 1. 1. 0. 0. 1. 1. 0. 0. 1. 1. 0. 0. 1.
  1. 0. 0. 1.]
 [0. 0. 1. 1. 0. 0. 1. 1. 0. 0. 1. 1. 0. 0. 1. 1. 0. 0. 1. 1. 0. 0. 1. 1.
  0. 0. 1. 1.]]
Shifter: [[0. 0. 1. 0. 0. 0.]
 [0. 0. 0. 1. 0. 0.]
 [0. 0. 0. 0. 1. 0.]
 [0. 0. 0. 0. 0. 1.]
 [0. 0. 1. 0. 0. 0.]
 [0. 0. 0. 1. 0. 0.]] 
 Composition: [0, 2, 0]
 Power: -2
 Determinant: 0
  deBR: [[0. 0. 0. 0. 0. 0. 0. 0. 0. 0. 0. 0. 0. 0. 0. 0. 0. 0. 0. 0. 0. 0. 0. 0.
  0. 0. 0. 0.]
 [0. 0. 1. 0. 1. 0. 1. 0. 1. 0. 1. 0. 1. 0. 1. 0. 1. 0. 1. 0. 1. 0. 1. 0.
  1. 0. 1. 0.]]
Shifter: [[0. 0. 1. 0. 0. 0.]
 [0. 0. 0. 1. 0. 0.]
 [0. 0. 0. 0. 1. 0.]
 [0. 0. 0. 0. 0. 1.]
 [0. 0. 1. 0. 0. 1.]
 [0. 0. 0. 1. 1. 0.]] 
 Composition: [0, 2, 1]
 Power: -2
 Determinant: 0
  deBR: [[0. 0. 0. 1. 0. 1. 0. 0. 0. 1. 0. 1. 0. 0. 0. 1. 0. 1. 0. 0. 0. 1. 0. 1.
  0. 0. 0. 1.]
 [0. 0. 1. 0. 0. 0. 1. 0. 1. 0. 0. 0. 1. 0. 1. 0. 0. 0. 1. 0. 1. 0. 0. 0.
  1. 0. 1. 0.]]
Shifter: [[0. 0. 1. 0. 0. 0.]
 [0. 0. 0. 1. 0. 0.]
 [0. 0. 0. 0. 1. 0.]
 [0. 0. 0. 0. 0. 1.]
 [0. 0. 1. 0. 1. 0.]
 [0. 0. 0. 1. 0. 1.]] 
 Composition: [0, 2, 2]
 Power: -2
 Determinant: 0
  deBR: [[0. 0. 0. 0. 0. 0. 0. 0. 0. 0. 0. 0. 0. 0. 0. 0. 0. 0. 0. 0. 0. 0. 0. 0.
  0. 0. 0. 0.]
 [0. 0. 1. 1. 0. 1. 1. 0. 1. 1. 0. 1. 1. 0. 1. 1. 0. 1. 1. 0. 1. 1. 0. 1.
  1. 0. 1. 1.]]
Shifter: [[0. 0. 1. 0. 0. 0.]
 [0. 0. 0. 1. 0. 0.]
 [0. 0. 0. 0. 1. 0.]
 [0. 0. 0. 0. 0. 1.]
 [0. 0. 1. 0. 1. 1.]
 [0. 0. 0. 1. 1. 1.]] 
 Composition: [0, 2, 3]
 Power: -2
 Determinant: 0
  deBR: [[0. 0. 0. 1. 0. 0. 0. 1. 0. 0. 0. 1. 0. 0. 0. 1. 0. 0. 0. 1. 0. 0. 0. 1.
  0. 0. 0. 1.]
 [0. 0. 1. 1. 1. 0. 1. 1. 1. 0. 1. 1. 1. 0. 1. 1. 1. 0. 1. 1. 1. 0. 1. 1.
  1. 0. 1. 1.]]
Shifter: [[0. 0. 1. 0. 0. 0.]
 [0. 0. 0. 1. 0. 0.]
 [0. 0. 0. 0. 1. 0.]
 [0. 0. 0. 0. 0. 1.]
 [0. 0. 1. 1. 0. 0.]
 [0. 0. 1. 1. 0. 0.]] 
 Composition: [0, 3, 0]
 Power: -1
 Determinant: 0
  deBR: [[0. 0. 0. 0. 1. 0. 0. 0. 0. 0. 0. 0. 0. 0. 0. 0. 0. 0. 0. 0. 0. 0. 0. 0.
  0. 0. 0. 0.]
 [0. 0. 1. 0. 1. 0. 0. 0. 0. 0. 0. 0. 0. 0. 0. 0. 0. 0. 0. 0. 0. 0. 0. 0.
  0. 0. 0. 0.]]
Shifter: [[0. 0. 1. 0. 0. 0.]
 [0. 0. 0. 1. 0. 0.]
 [0. 0. 0. 0. 1. 0.]
 [0. 0. 0. 0. 0. 1.]
 [0. 0. 1. 1. 0. 1.]
 [0. 0. 1. 1. 1. 0.]] 
 Composition: [0, 3, 1]
 Power: -2
 Determinant: 0
  deBR: [[0. 0. 0. 1. 1. 1. 1. 1. 1. 1. 1. 1. 1. 1. 1. 1. 1. 1. 1. 1. 1. 1. 1. 1.
  1. 1. 1. 1.]
 [0. 0. 1. 0. 0. 0. 0. 0. 0. 0. 0. 0. 0. 0. 0. 0. 0. 0. 0. 0. 0. 0. 0. 0.
  0. 0. 0. 0.]]
Shifter: [[0. 0. 1. 0. 0. 0.]
 [0. 0. 0. 1. 0. 0.]
 [0. 0. 0. 0. 1. 0.]
 [0. 0. 0. 0. 0. 1.]
 [0. 0. 1. 1. 1. 0.]
 [0. 0. 1. 1. 0. 1.]] 
 Composition: [0, 3, 2]
 Power: -2
 Determinant: 0
  deBR: [[0. 0. 0. 0. 1. 0. 1. 0. 1. 0. 1. 0. 1. 0. 1. 0. 1. 0. 1. 0. 1. 0. 1. 0.
  1. 0. 1. 0.]
 [0. 0. 1. 1. 0. 1. 0. 1. 0. 1. 0. 1. 0. 1. 0. 1. 0. 1. 0. 1. 0. 1. 0. 1.
  0. 1. 0. 1.]]
Shifter: [[0. 0. 1. 0. 0. 0.]
 [0. 0. 0. 1. 0. 0.]
 [0. 0. 0. 0. 1. 0.]
 [0. 0. 0. 0. 0. 1.]
 [0. 0. 1. 1. 1. 1.]
 [0. 0. 1. 1. 1. 1.]] 
 Composition: [0, 3, 3]
 Power: -1
 Determinant: 0
  deBR: [[0. 0. 0. 1. 1. 0. 0. 0. 0. 0. 0. 0. 0. 0. 0. 0. 0. 0. 0. 0. 0. 0. 0. 0.
  0. 0. 0. 0.]
 [0. 0. 1. 1. 1. 0. 0. 0. 0. 0. 0. 0. 0. 0. 0. 0. 0. 0. 0. 0. 0. 0. 0. 0.
  0. 0. 0. 0.]]
Shifter: [[0. 0. 1. 0. 0. 0.]
 [0. 0. 0. 1. 0. 0.]
 [0. 0. 0. 0. 1. 0.]
 [0. 0. 0. 0. 0. 1.]
 [0. 1. 0. 0. 0. 0.]
 [1. 0. 0. 0. 0. 0.]] 
 Composition: [1, 0, 0]
 Power: 6
 Determinant: 1
  deBR: [[0. 0. 0. 0. 0. 1. 0. 0. 0. 0. 0. 1. 0. 0. 0. 0. 0. 1. 0. 0. 0. 0. 0. 1.
  0. 0. 0. 0.]
 [0. 0. 1. 0. 0. 0. 0. 0. 1. 0. 0. 0. 0. 0. 1. 0. 0. 0. 0. 0. 1. 0. 0. 0.
  0. 0. 1. 0.]]
Shifter: [[0. 0. 1. 0. 0. 0.]
 [0. 0. 0. 1. 0. 0.]
 [0. 0. 0. 0. 1. 0.]
 [0. 0. 0. 0. 0. 1.]
 [0. 1. 0. 0. 0. 1.]
 [1. 0. 0. 0. 1. 0.]] 
 Composition: [1, 0, 1]
 Power: 14
 Determinant: 1
  deBR: [[0. 0. 0. 1. 0. 0. 0. 0. 0. 1. 0. 1. 0. 1. 0. 0. 0. 1. 0. 0. 0. 0. 0. 1.
  0. 1. 0. 1.]
 [0. 0. 1. 0. 1. 0. 1. 0. 0. 0. 1. 0. 0. 0. 0. 0. 1. 0. 1. 0. 1. 0. 0. 0.
  1. 0. 0. 0.]]
Shifter: [[0. 0. 1. 0. 0. 0.]
 [0. 0. 0. 1. 0. 0.]
 [0. 0. 0. 0. 1. 0.]
 [0. 0. 0. 0. 0. 1.]
 [0. 1. 0. 0. 1. 0.]
 [1. 0. 0. 0. 0. 1.]] 
 Composition: [1, 0, 2]
 Power: 14
 Determinant: 1
  deBR: [[0. 0. 0. 0. 0. 1. 0. 1. 0. 1. 0. 0. 0. 1. 0. 0. 0. 0. 0. 1. 0. 1. 0. 1.
  0. 0. 0. 1.]
 [0. 0. 1. 1. 1. 1. 1. 1. 0. 0. 1. 1. 0. 0. 0. 0. 1. 1. 1. 1. 1. 1. 0. 0.
  1. 1. 0. 0.]]
Shifter: [[0. 0. 1. 0. 0. 0.]
 [0. 0. 0. 1. 0. 0.]
 [0. 0. 0. 0. 1. 0.]
 [0. 0. 0. 0. 0. 1.]
 [0. 1. 0. 0. 1. 1.]
 [1. 0. 0. 0. 1. 1.]] 
 Composition: [1, 0, 3]
 Power: 6
 Determinant: 1
  deBR: [[0. 0. 0. 1. 0. 1. 0. 0. 0. 1. 0. 1. 0. 0. 0. 1. 0. 1. 0. 0. 0. 1. 0. 1.
  0. 0. 0. 1.]
 [0. 0. 1. 1. 0. 0. 0. 0. 1. 1. 0. 0. 0. 0. 1. 1. 0. 0. 0. 0. 1. 1. 0. 0.
  0. 0. 1. 1.]]
Shifter: [[0. 0. 1. 0. 0. 0.]
 [0. 0. 0. 1. 0. 0.]
 [0. 0. 0. 0. 1. 0.]
 [0. 0. 0. 0. 0. 1.]
 [0. 1. 0. 1. 0. 0.]
 [1. 0. 1. 0. 0. 0.]] 
 Composition: [1, 1, 0]
 Power: 14
 Determinant: 1
  deBR: [[0. 0. 0. 0. 1. 1. 0. 0. 1. 1. 1. 1. 1. 1. 0. 0. 0. 0. 1. 1. 0. 0. 1. 1.
  1. 1. 1. 1.]
 [0. 0. 1. 0. 0. 0. 1. 0. 1. 0. 1. 0. 0. 0. 0. 0. 1. 0. 0. 0. 1. 0. 1. 0.
  1. 0. 0. 0.]]
Shifter: [[0. 0. 1. 0. 0. 0.]
 [0. 0. 0. 1. 0. 0.]
 [0. 0. 0. 0. 1. 0.]
 [0. 0. 0. 0. 0. 1.]
 [0. 1. 0. 1. 0. 1.]
 [1. 0. 1. 0. 1. 0.]] 
 Composition: [1, 1, 1]
 Power: 8
 Determinant: 1
  deBR: [[0. 0. 0. 1. 1. 0. 1. 1. 0. 0. 0. 1. 1. 0. 1. 1. 0. 0. 0. 1. 1. 0. 1. 1.
  0. 0. 0. 1.]
 [0. 0. 1. 0. 1. 0. 0. 0. 0. 0. 1. 0. 1. 0. 0. 0. 0. 0. 1. 0. 1. 0. 0. 0.
  0. 0. 1. 0.]]
Shifter: [[0. 0. 1. 0. 0. 0.]
 [0. 0. 0. 1. 0. 0.]
 [0. 0. 0. 0. 1. 0.]
 [0. 0. 0. 0. 0. 1.]
 [0. 1. 0. 1. 1. 0.]
 [1. 0. 1. 0. 0. 1.]] 
 Composition: [1, 1, 2]
 Power: 8
 Determinant: 1
  deBR: [[0. 0. 0. 0. 1. 1. 1. 1. 0. 0. 0. 0. 1. 1. 1. 1. 0. 0. 0. 0. 1. 1. 1. 1.
  0. 0. 0. 0.]
 [0. 0. 1. 1. 1. 1. 0. 0. 0. 0. 1. 1. 1. 1. 0. 0. 0. 0. 1. 1. 1. 1. 0. 0.
  0. 0. 1. 1.]]
Shifter: [[0. 0. 1. 0. 0. 0.]
 [0. 0. 0. 1. 0. 0.]
 [0. 0. 0. 0. 1. 0.]
 [0. 0. 0. 0. 0. 1.]
 [0. 1. 0. 1. 1. 1.]
 [1. 0. 1. 0. 1. 1.]] 
 Composition: [1, 1, 3]
 Power: 14
 Determinant: 1
  deBR: [[0. 0. 0. 1. 1. 1. 0. 1. 1. 0. 1. 0. 1. 1. 0. 0. 0. 1. 1. 1. 0. 1. 1. 0.
  1. 0. 1. 1.]
 [0. 0. 1. 1. 0. 0. 1. 1. 1. 1. 1. 1. 0. 0. 0. 0. 1. 1. 0. 0. 1. 1. 1. 1.
  1. 1. 0. 0.]]
Shifter: [[0. 0. 1. 0. 0. 0.]
 [0. 0. 0. 1. 0. 0.]
 [0. 0. 0. 0. 1. 0.]
 [0. 0. 0. 0. 0. 1.]
 [0. 1. 1. 0. 0. 0.]
 [1. 0. 0. 1. 0. 0.]] 
 Composition: [1, 2, 0]
 Power: 14
 Determinant: 1
  deBR: [[0. 0. 0. 0. 0. 1. 0. 0. 0. 1. 0. 1. 0. 1. 0. 0. 0. 0. 0. 1. 0. 0. 0. 1.
  0. 1. 0. 1.]
 [0. 0. 1. 0. 1. 0. 1. 0. 0. 0. 0. 0. 1. 0. 0. 0. 1. 0. 1. 0. 1. 0. 0. 0.
  0. 0. 1. 0.]]
Shifter: [[0. 0. 1. 0. 0. 0.]
 [0. 0. 0. 1. 0. 0.]
 [0. 0. 0. 0. 1. 0.]
 [0. 0. 0. 0. 0. 1.]
 [0. 1. 1. 0. 0. 1.]
 [1. 0. 0. 1. 1. 0.]] 
 Composition: [1, 2, 1]
 Power: 4
 Determinant: 1
  deBR: [[0. 0. 0. 1. 0. 0. 0. 1. 0. 0. 0. 1. 0. 0. 0. 1. 0. 0. 0. 1. 0. 0. 0. 1.
  0. 0. 0. 1.]
 [0. 0. 1. 0. 0. 0. 1. 0. 0. 0. 1. 0. 0. 0. 1. 0. 0. 0. 1. 0. 0. 0. 1. 0.
  0. 0. 1. 0.]]
Shifter: [[0. 0. 1. 0. 0. 0.]
 [0. 0. 0. 1. 0. 0.]
 [0. 0. 0. 0. 1. 0.]
 [0. 0. 0. 0. 0. 1.]
 [0. 1. 1. 0. 1. 0.]
 [1. 0. 0. 1. 0. 1.]] 
 Composition: [1, 2, 2]
 Power: 8
 Determinant: 1
  deBR: [[0. 0. 0. 0. 0. 1. 0. 1. 0. 0. 0. 0. 0. 1. 0. 1. 0. 0. 0. 0. 0. 1. 0. 1.
  0. 0. 0. 0.]
 [0. 0. 1. 1. 0. 1. 1. 0. 0. 0. 1. 1. 0. 1. 1. 0. 0. 0. 1. 1. 0. 1. 1. 0.
  0. 0. 1. 1.]]
Shifter: [[0. 0. 1. 0. 0. 0.]
 [0. 0. 0. 1. 0. 0.]
 [0. 0. 0. 0. 1. 0.]
 [0. 0. 0. 0. 0. 1.]
 [0. 1. 1. 0. 1. 1.]
 [1. 0. 0. 1. 1. 1.]] 
 Composition: [1, 2, 3]
 Power: 14
 Determinant: 1
  deBR: [[0. 0. 0. 1. 0. 1. 0. 1. 0. 0. 0. 0. 0. 1. 0. 0. 0. 1. 0. 1. 0. 1. 0. 0.
  0. 0. 0. 1.]
 [0. 0. 1. 1. 1. 0. 1. 1. 0. 1. 0. 1. 1. 0. 0. 0. 1. 1. 1. 0. 1. 1. 0. 1.
  0. 1. 1. 0.]]
Shifter: [[0. 0. 1. 0. 0. 0.]
 [0. 0. 0. 1. 0. 0.]
 [0. 0. 0. 0. 1. 0.]
 [0. 0. 0. 0. 0. 1.]
 [0. 1. 1. 1. 0. 0.]
 [1. 0. 1. 1. 0. 0.]] 
 Composition: [1, 3, 0]
 Power: 6
 Determinant: 1
  deBR: [[0. 0. 0. 0. 1. 1. 0. 0. 0. 0. 1. 1. 0. 0. 0. 0. 1. 1. 0. 0. 0. 0. 1. 1.
  0. 0. 0. 0.]
 [0. 0. 1. 0. 1. 0. 0. 0. 1. 0. 1. 0. 0. 0. 1. 0. 1. 0. 0. 0. 1. 0. 1. 0.
  0. 0. 1. 0.]]
Shifter: [[0. 0. 1. 0. 0. 0.]
 [0. 0. 0. 1. 0. 0.]
 [0. 0. 0. 0. 1. 0.]
 [0. 0. 0. 0. 0. 1.]
 [0. 1. 1. 1. 0. 1.]
 [1. 0. 1. 1. 1. 0.]] 
 Composition: [1, 3, 1]
 Power: 14
 Determinant: 1
  deBR: [[0. 0. 0. 1. 1. 0. 1. 0. 1. 1. 0. 1. 1. 1. 0. 0. 0. 1. 1. 0. 1. 0. 1. 1.
  0. 1. 1. 1.]
 [0. 0. 1. 0. 0. 0. 0. 0. 1. 0. 1. 0. 1. 0. 0. 0. 1. 0. 0. 0. 0. 0. 1. 0.
  1. 0. 1. 0.]]
Shifter: [[0. 0. 1. 0. 0. 0.]
 [0. 0. 0. 1. 0. 0.]
 [0. 0. 0. 0. 1. 0.]
 [0. 0. 0. 0. 0. 1.]
 [0. 1. 1. 1. 1. 0.]
 [1. 0. 1. 1. 0. 1.]] 
 Composition: [1, 3, 2]
 Power: 14
 Determinant: 1
  deBR: [[0. 0. 0. 0. 1. 1. 1. 1. 1. 1. 0. 0. 1. 1. 0. 0. 0. 0. 1. 1. 1. 1. 1. 1.
  0. 0. 1. 1.]
 [0. 0. 1. 1. 0. 1. 0. 1. 1. 0. 1. 1. 1. 0. 0. 0. 1. 1. 0. 1. 0. 1. 1. 0.
  1. 1. 1. 0.]]
Shifter: [[0. 0. 1. 0. 0. 0.]
 [0. 0. 0. 1. 0. 0.]
 [0. 0. 0. 0. 1. 0.]
 [0. 0. 0. 0. 0. 1.]
 [0. 1. 1. 1. 1. 1.]
 [1. 0. 1. 1. 1. 1.]] 
 Composition: [1, 3, 3]
 Power: 6
 Determinant: 1
  deBR: [[0. 0. 0. 1. 1. 1. 0. 0. 0. 1. 1. 1. 0. 0. 0. 1. 1. 1. 0. 0. 0. 1. 1. 1.
  0. 0. 0. 1.]
 [0. 0. 1. 1. 1. 0. 0. 0. 1. 1. 1. 0. 0. 0. 1. 1. 1. 0. 0. 0. 1. 1. 1. 0.
  0. 0. 1. 1.]]
Shifter: [[0. 0. 1. 0. 0. 0.]
 [0. 0. 0. 1. 0. 0.]
 [0. 0. 0. 0. 1. 0.]
 [0. 0. 0. 0. 0. 1.]
 [1. 0. 0. 0. 0. 0.]
 [0. 1. 0. 0. 0. 0.]] 
 Composition: [2, 0, 0]
 Power: 3
 Determinant: 1
  deBR: [[0. 0. 0. 0. 0. 0. 0. 0. 0. 0. 0. 0. 0. 0. 0. 0. 0. 0. 0. 0. 0. 0. 0. 0.
  0. 0. 0. 0.]
 [0. 0. 1. 0. 0. 1. 0. 0. 1. 0. 0. 1. 0. 0. 1. 0. 0. 1. 0. 0. 1. 0. 0. 1.
  0. 0. 1. 0.]]
Shifter: [[0. 0. 1. 0. 0. 0.]
 [0. 0. 0. 1. 0. 0.]
 [0. 0. 0. 0. 1. 0.]
 [0. 0. 0. 0. 0. 1.]
 [1. 0. 0. 0. 0. 1.]
 [0. 1. 0. 0. 1. 0.]] 
 Composition: [2, 0, 1]
 Power: 14
 Determinant: 1
  deBR: [[0. 0. 0. 1. 0. 1. 0. 1. 0. 0. 0. 1. 0. 0. 0. 0. 0. 1. 0. 1. 0. 1. 0. 0.
  0. 1. 0. 0.]
 [0. 0. 1. 0. 1. 1. 1. 1. 0. 1. 1. 0. 0. 1. 0. 0. 1. 0. 1. 1. 1. 1. 0. 1.
  1. 0. 0. 1.]]
Shifter: [[0. 0. 1. 0. 0. 0.]
 [0. 0. 0. 1. 0. 0.]
 [0. 0. 0. 0. 1. 0.]
 [0. 0. 0. 0. 0. 1.]
 [1. 0. 0. 0. 1. 0.]
 [0. 1. 0. 0. 0. 1.]] 
 Composition: [2, 0, 2]
 Power: 7
 Determinant: 1
  deBR: [[0. 0. 0. 0. 0. 0. 0. 0. 0. 0. 0. 0. 0. 0. 0. 0. 0. 0. 0. 0. 0. 0. 0. 0.
  0. 0. 0. 0.]
 [0. 0. 1. 1. 1. 0. 1. 0. 0. 1. 1. 1. 0. 1. 0. 0. 1. 1. 1. 0. 1. 0. 0. 1.
  1. 1. 0. 1.]]
Shifter: [[0. 0. 1. 0. 0. 0.]
 [0. 0. 0. 1. 0. 0.]
 [0. 0. 0. 0. 1. 0.]
 [0. 0. 0. 0. 0. 1.]
 [1. 0. 0. 0. 1. 1.]
 [0. 1. 0. 0. 1. 1.]] 
 Composition: [2, 0, 3]
 Power: 6
 Determinant: 1
  deBR: [[0. 0. 0. 1. 0. 0. 0. 0. 0. 1. 0. 0. 0. 0. 0. 1. 0. 0. 0. 0. 0. 1. 0. 0.
  0. 0. 0. 1.]
 [0. 0. 1. 1. 0. 1. 0. 0. 1. 1. 0. 1. 0. 0. 1. 1. 0. 1. 0. 0. 1. 1. 0. 1.
  0. 0. 1. 1.]]
Shifter: [[0. 0. 1. 0. 0. 0.]
 [0. 0. 0. 1. 0. 0.]
 [0. 0. 0. 0. 1. 0.]
 [0. 0. 0. 0. 0. 1.]
 [1. 0. 0. 1. 0. 0.]
 [0. 1. 1. 0. 0. 0.]] 
 Composition: [2, 1, 0]
 Power: 14
 Determinant: 1
  deBR: [[0. 0. 0. 0. 1. 0. 0. 0. 1. 0. 1. 0. 1. 0. 0. 0. 0. 0. 1. 0. 0. 0. 1. 0.
  1. 0. 1. 0.]
 [0. 0. 1. 0. 0. 1. 1. 0. 1. 1. 1. 1. 0. 1. 0. 0. 1. 0. 0. 1. 1. 0. 1. 1.
  1. 1. 0. 1.]]
Shifter: [[0. 0. 1. 0. 0. 0.]
 [0. 0. 0. 1. 0. 0.]
 [0. 0. 0. 0. 1. 0.]
 [0. 0. 0. 0. 0. 1.]
 [1. 0. 0. 1. 0. 1.]
 [0. 1. 1. 0. 1. 0.]] 
 Composition: [2, 1, 1]
 Power: 8
 Determinant: 1
  deBR: [[0. 0. 0. 1. 1. 1. 1. 0. 0. 0. 0. 1. 1. 1. 1. 0. 0. 0. 0. 1. 1. 1. 1. 0.
  0. 0. 0. 1.]
 [0. 0. 1. 0. 1. 1. 0. 1. 0. 0. 1. 0. 1. 1. 0. 1. 0. 0. 1. 0. 1. 1. 0. 1.
  0. 0. 1. 0.]]
Shifter: [[0. 0. 1. 0. 0. 0.]
 [0. 0. 0. 1. 0. 0.]
 [0. 0. 0. 0. 1. 0.]
 [0. 0. 0. 0. 0. 1.]
 [1. 0. 0. 1. 1. 0.]
 [0. 1. 1. 0. 0. 1.]] 
 Composition: [2, 1, 2]
 Power: 8
 Determinant: 1
  deBR: [[0. 0. 0. 0. 1. 0. 1. 0. 0. 0. 0. 0. 1. 0. 1. 0. 0. 0. 0. 0. 1. 0. 1. 0.
  0. 0. 0. 0.]
 [0. 0. 1. 1. 1. 0. 0. 1. 0. 0. 1. 1. 1. 0. 0. 1. 0. 0. 1. 1. 1. 0. 0. 1.
  0. 0. 1. 1.]]
Shifter: [[0. 0. 1. 0. 0. 0.]
 [0. 0. 0. 1. 0. 0.]
 [0. 0. 0. 0. 1. 0.]
 [0. 0. 0. 0. 0. 1.]
 [1. 0. 0. 1. 1. 1.]
 [0. 1. 1. 0. 1. 1.]] 
 Composition: [2, 1, 3]
 Power: 14
 Determinant: 1
  deBR: [[0. 0. 0. 1. 1. 0. 0. 1. 1. 1. 1. 1. 1. 0. 0. 0. 0. 1. 1. 0. 0. 1. 1. 1.
  1. 1. 1. 0.]
 [0. 0. 1. 1. 0. 1. 1. 1. 1. 0. 1. 0. 0. 1. 0. 0. 1. 1. 0. 1. 1. 1. 1. 0.
  1. 0. 0. 1.]]
Shifter: [[0. 0. 1. 0. 0. 0.]
 [0. 0. 0. 1. 0. 0.]
 [0. 0. 0. 0. 1. 0.]
 [0. 0. 0. 0. 0. 1.]
 [1. 0. 1. 0. 0. 0.]
 [0. 1. 0. 1. 0. 0.]] 
 Composition: [2, 2, 0]
 Power: 7
 Determinant: 1
  deBR: [[0. 0. 0. 0. 0. 0. 0. 0. 0. 0. 0. 0. 0. 0. 0. 0. 0. 0. 0. 0. 0. 0. 0. 0.
  0. 0. 0. 0.]
 [0. 0. 1. 0. 1. 1. 1. 0. 0. 1. 0. 1. 1. 1. 0. 0. 1. 0. 1. 1. 1. 0. 0. 1.
  0. 1. 1. 1.]]
Shifter: [[0. 0. 1. 0. 0. 0.]
 [0. 0. 0. 1. 0. 0.]
 [0. 0. 0. 0. 1. 0.]
 [0. 0. 0. 0. 0. 1.]
 [1. 0. 1. 0. 0. 1.]
 [0. 1. 0. 1. 1. 0.]] 
 Composition: [2, 2, 1]
 Power: 8
 Determinant: 1
  deBR: [[0. 0. 0. 1. 0. 1. 0. 0. 0. 0. 0. 1. 0. 1. 0. 0. 0. 0. 0. 1. 0. 1. 0. 0.
  0. 0. 0. 1.]
 [0. 0. 1. 0. 0. 1. 1. 1. 0. 0. 1. 0. 0. 1. 1. 1. 0. 0. 1. 0. 0. 1. 1. 1.
  0. 0. 1. 0.]]
Shifter: [[0. 0. 1. 0. 0. 0.]
 [0. 0. 0. 1. 0. 0.]
 [0. 0. 0. 0. 1. 0.]
 [0. 0. 0. 0. 0. 1.]
 [1. 0. 1. 0. 1. 0.]
 [0. 1. 0. 1. 0. 1.]] 
 Composition: [2, 2, 2]
 Power: 4
 Determinant: 1
  deBR: [[0. 0. 0. 0. 0. 0. 0. 0. 0. 0. 0. 0. 0. 0. 0. 0. 0. 0. 0. 0. 0. 0. 0. 0.
  0. 0. 0. 0.]
 [0. 0. 1. 1. 0. 0. 1. 1. 0. 0. 1. 1. 0. 0. 1. 1. 0. 0. 1. 1. 0. 0. 1. 1.
  0. 0. 1. 1.]]
Shifter: [[0. 0. 1. 0. 0. 0.]
 [0. 0. 0. 1. 0. 0.]
 [0. 0. 0. 0. 1. 0.]
 [0. 0. 0. 0. 0. 1.]
 [1. 0. 1. 0. 1. 1.]
 [0. 1. 0. 1. 1. 1.]] 
 Composition: [2, 2, 3]
 Power: 14
 Determinant: 1
  deBR: [[0. 0. 0. 1. 0. 0. 0. 1. 0. 1. 0. 1. 0. 0. 0. 0. 0. 1. 0. 0. 0. 1. 0. 1.
  0. 1. 0. 0.]
 [0. 0. 1. 1. 1. 1. 1. 1. 0. 0. 0. 0. 1. 1. 0. 0. 1. 1. 1. 1. 1. 1. 0. 0.
  0. 0. 1. 1.]]
Shifter: [[0. 0. 1. 0. 0. 0.]
 [0. 0. 0. 1. 0. 0.]
 [0. 0. 0. 0. 1. 0.]
 [0. 0. 0. 0. 0. 1.]
 [1. 0. 1. 1. 0. 0.]
 [0. 1. 1. 1. 0. 0.]] 
 Composition: [2, 3, 0]
 Power: 6
 Determinant: 1
  deBR: [[0. 0. 0. 0. 1. 0. 0. 0. 0. 0. 1. 0. 0. 0. 0. 0. 1. 0. 0. 0. 0. 0. 1. 0.
  0. 0. 0. 0.]
 [0. 0. 1. 0. 1. 1. 0. 0. 1. 0. 1. 1. 0. 0. 1. 0. 1. 1. 0. 0. 1. 0. 1. 1.
  0. 0. 1. 0.]]
Shifter: [[0. 0. 1. 0. 0. 0.]
 [0. 0. 0. 1. 0. 0.]
 [0. 0. 0. 0. 1. 0.]
 [0. 0. 0. 0. 0. 1.]
 [1. 0. 1. 1. 0. 1.]
 [0. 1. 1. 1. 1. 0.]] 
 Composition: [2, 3, 1]
 Power: 14
 Determinant: 1
  deBR: [[0. 0. 0. 1. 1. 1. 1. 1. 1. 0. 0. 1. 1. 0. 0. 0. 0. 1. 1. 1. 1. 1. 1. 0.
  0. 1. 1. 0.]
 [0. 0. 1. 0. 0. 1. 0. 1. 1. 1. 1. 0. 1. 1. 0. 0. 1. 0. 0. 1. 0. 1. 1. 1.
  1. 0. 1. 1.]]
Shifter: [[0. 0. 1. 0. 0. 0.]
 [0. 0. 0. 1. 0. 0.]
 [0. 0. 0. 0. 1. 0.]
 [0. 0. 0. 0. 0. 1.]
 [1. 0. 1. 1. 1. 0.]
 [0. 1. 1. 1. 0. 1.]] 
 Composition: [2, 3, 2]
 Power: 14
 Determinant: 1
  deBR: [[0. 0. 0. 0. 1. 0. 1. 0. 1. 0. 0. 0. 1. 0. 0. 0. 0. 0. 1. 0. 1. 0. 1. 0.
  0. 0. 1. 0.]
 [0. 0. 1. 1. 0. 0. 0. 0. 1. 1. 1. 1. 1. 1. 0. 0. 1. 1. 0. 0. 0. 0. 1. 1.
  1. 1. 1. 1.]]
Shifter: [[0. 0. 1. 0. 0. 0.]
 [0. 0. 0. 1. 0. 0.]
 [0. 0. 0. 0. 1. 0.]
 [0. 0. 0. 0. 0. 1.]
 [1. 0. 1. 1. 1. 1.]
 [0. 1. 1. 1. 1. 1.]] 
 Composition: [2, 3, 3]
 Power: 6
 Determinant: 1
  deBR: [[0. 0. 0. 1. 1. 0. 0. 0. 0. 1. 1. 0. 0. 0. 0. 1. 1. 0. 0. 0. 0. 1. 1. 0.
  0. 0. 0. 1.]
 [0. 0. 1. 1. 1. 1. 0. 0. 1. 1. 1. 1. 0. 0. 1. 1. 1. 1. 0. 0. 1. 1. 1. 1.
  0. 0. 1. 1.]]
Shifter: [[0. 0. 1. 0. 0. 0.]
 [0. 0. 0. 1. 0. 0.]
 [0. 0. 0. 0. 1. 0.]
 [0. 0. 0. 0. 0. 1.]
 [1. 1. 0. 0. 0. 0.]
 [1. 1. 0. 0. 0. 0.]] 
 Composition: [3, 0, 0]
 Power: -1
 Determinant: 0
  deBR: [[0. 0. 0. 0. 0. 1. 0. 0. 0. 0. 0. 0. 0. 0. 0. 0. 0. 0. 0. 0. 0. 0. 0. 0.
  0. 0. 0. 0.]
 [0. 0. 1. 0. 0. 1. 0. 0. 0. 0. 0. 0. 0. 0. 0. 0. 0. 0. 0. 0. 0. 0. 0. 0.
  0. 0. 0. 0.]]
Shifter: [[0. 0. 1. 0. 0. 0.]
 [0. 0. 0. 1. 0. 0.]
 [0. 0. 0. 0. 1. 0.]
 [0. 0. 0. 0. 0. 1.]
 [1. 1. 0. 0. 0. 1.]
 [1. 1. 0. 0. 1. 0.]] 
 Composition: [3, 0, 1]
 Power: -2
 Determinant: 0
  deBR: [[0. 0. 0. 1. 0. 0. 0. 0. 0. 0. 0. 0. 0. 0. 0. 0. 0. 0. 0. 0. 0. 0. 0. 0.
  0. 0. 0. 0.]
 [0. 0. 1. 0. 1. 1. 1. 1. 1. 1. 1. 1. 1. 1. 1. 1. 1. 1. 1. 1. 1. 1. 1. 1.
  1. 1. 1. 1.]]
Shifter: [[0. 0. 1. 0. 0. 0.]
 [0. 0. 0. 1. 0. 0.]
 [0. 0. 0. 0. 1. 0.]
 [0. 0. 0. 0. 0. 1.]
 [1. 1. 0. 0. 1. 0.]
 [1. 1. 0. 0. 0. 1.]] 
 Composition: [3, 0, 2]
 Power: -2
 Determinant: 0
  deBR: [[0. 0. 0. 0. 0. 1. 0. 1. 0. 1. 0. 1. 0. 1. 0. 1. 0. 1. 0. 1. 0. 1. 0. 1.
  0. 1. 0. 1.]
 [0. 0. 1. 1. 1. 0. 1. 0. 1. 0. 1. 0. 1. 0. 1. 0. 1. 0. 1. 0. 1. 0. 1. 0.
  1. 0. 1. 0.]]
Shifter: [[0. 0. 1. 0. 0. 0.]
 [0. 0. 0. 1. 0. 0.]
 [0. 0. 0. 0. 1. 0.]
 [0. 0. 0. 0. 0. 1.]
 [1. 1. 0. 0. 1. 1.]
 [1. 1. 0. 0. 1. 1.]] 
 Composition: [3, 0, 3]
 Power: -1
 Determinant: 0
  deBR: [[0. 0. 0. 1. 0. 1. 0. 0. 0. 0. 0. 0. 0. 0. 0. 0. 0. 0. 0. 0. 0. 0. 0. 0.
  0. 0. 0. 0.]
 [0. 0. 1. 1. 0. 1. 0. 0. 0. 0. 0. 0. 0. 0. 0. 0. 0. 0. 0. 0. 0. 0. 0. 0.
  0. 0. 0. 0.]]
Shifter: [[0. 0. 1. 0. 0. 0.]
 [0. 0. 0. 1. 0. 0.]
 [0. 0. 0. 0. 1. 0.]
 [0. 0. 0. 0. 0. 1.]
 [1. 1. 0. 1. 0. 0.]
 [1. 1. 1. 0. 0. 0.]] 
 Composition: [3, 1, 0]
 Power: -2
 Determinant: 0
  deBR: [[0. 0. 0. 0. 1. 1. 0. 0. 1. 1. 0. 0. 1. 1. 0. 0. 1. 1. 0. 0. 1. 1. 0. 0.
  1. 1. 0. 0.]
 [0. 0. 1. 0. 0. 1. 1. 0. 0. 1. 1. 0. 0. 1. 1. 0. 0. 1. 1. 0. 0. 1. 1. 0.
  0. 1. 1. 0.]]
Shifter: [[0. 0. 1. 0. 0. 0.]
 [0. 0. 0. 1. 0. 0.]
 [0. 0. 0. 0. 1. 0.]
 [0. 0. 0. 0. 0. 1.]
 [1. 1. 0. 1. 0. 1.]
 [1. 1. 1. 0. 1. 0.]] 
 Composition: [3, 1, 1]
 Power: -2
 Determinant: 0
  deBR: [[0. 0. 0. 1. 1. 0. 1. 1. 0. 1. 1. 0. 1. 1. 0. 1. 1. 0. 1. 1. 0. 1. 1. 0.
  1. 1. 0. 1.]
 [0. 0. 1. 0. 1. 1. 0. 1. 1. 0. 1. 1. 0. 1. 1. 0. 1. 1. 0. 1. 1. 0. 1. 1.
  0. 1. 1. 0.]]
Shifter: [[0. 0. 1. 0. 0. 0.]
 [0. 0. 0. 1. 0. 0.]
 [0. 0. 0. 0. 1. 0.]
 [0. 0. 0. 0. 0. 1.]
 [1. 1. 0. 1. 1. 0.]
 [1. 1. 1. 0. 0. 1.]] 
 Composition: [3, 1, 2]
 Power: -2
 Determinant: 0
  deBR: [[0. 0. 0. 0. 1. 1. 1. 1. 0. 0. 1. 1. 1. 1. 0. 0. 1. 1. 1. 1. 0. 0. 1. 1.
  1. 1. 0. 0.]
 [0. 0. 1. 1. 1. 0. 0. 1. 1. 1. 1. 0. 0. 1. 1. 1. 1. 0. 0. 1. 1. 1. 1. 0.
  0. 1. 1. 1.]]
Shifter: [[0. 0. 1. 0. 0. 0.]
 [0. 0. 0. 1. 0. 0.]
 [0. 0. 0. 0. 1. 0.]
 [0. 0. 0. 0. 0. 1.]
 [1. 1. 0. 1. 1. 1.]
 [1. 1. 1. 0. 1. 1.]] 
 Composition: [3, 1, 3]
 Power: -2
 Determinant: 0
  deBR: [[0. 0. 0. 1. 1. 1. 0. 1. 1. 1. 0. 1. 1. 1. 0. 1. 1. 1. 0. 1. 1. 1. 0. 1.
  1. 1. 0. 1.]
 [0. 0. 1. 1. 0. 1. 1. 1. 0. 1. 1. 1. 0. 1. 1. 1. 0. 1. 1. 1. 0. 1. 1. 1.
  0. 1. 1. 1.]]
Shifter: [[0. 0. 1. 0. 0. 0.]
 [0. 0. 0. 1. 0. 0.]
 [0. 0. 0. 0. 1. 0.]
 [0. 0. 0. 0. 0. 1.]
 [1. 1. 1. 0. 0. 0.]
 [1. 1. 0. 1. 0. 0.]] 
 Composition: [3, 2, 0]
 Power: -2
 Determinant: 0
  deBR: [[0. 0. 0. 0. 0. 1. 0. 0. 0. 1. 0. 0. 0. 1. 0. 0. 0. 1. 0. 0. 0. 1. 0. 0.
  0. 1. 0. 0.]
 [0. 0. 1. 0. 1. 1. 1. 0. 1. 1. 1. 0. 1. 1. 1. 0. 1. 1. 1. 0. 1. 1. 1. 0.
  1. 1. 1. 0.]]
Shifter: [[0. 0. 1. 0. 0. 0.]
 [0. 0. 0. 1. 0. 0.]
 [0. 0. 0. 0. 1. 0.]
 [0. 0. 0. 0. 0. 1.]
 [1. 1. 1. 0. 0. 1.]
 [1. 1. 0. 1. 1. 0.]] 
 Composition: [3, 2, 1]
 Power: -2
 Determinant: 0
  deBR: [[0. 0. 0. 1. 0. 0. 0. 1. 0. 1. 0. 0. 0. 1. 0. 1. 0. 0. 0. 1. 0. 1. 0. 0.
  0. 1. 0. 1.]
 [0. 0. 1. 0. 0. 1. 1. 1. 1. 0. 0. 1. 1. 1. 1. 0. 0. 1. 1. 1. 1. 0. 0. 1.
  1. 1. 1. 0.]]
Shifter: [[0. 0. 1. 0. 0. 0.]
 [0. 0. 0. 1. 0. 0.]
 [0. 0. 0. 0. 1. 0.]
 [0. 0. 0. 0. 0. 1.]
 [1. 1. 1. 0. 1. 0.]
 [1. 1. 0. 1. 0. 1.]] 
 Composition: [3, 2, 2]
 Power: -2
 Determinant: 0
  deBR: [[0. 0. 0. 0. 0. 1. 0. 1. 0. 0. 0. 1. 0. 1. 0. 0. 0. 1. 0. 1. 0. 0. 0. 1.
  0. 1. 0. 0.]
 [0. 0. 1. 1. 0. 0. 1. 1. 1. 1. 0. 0. 1. 1. 1. 1. 0. 0. 1. 1. 1. 1. 0. 0.
  1. 1. 1. 1.]]
Shifter: [[0. 0. 1. 0. 0. 0.]
 [0. 0. 0. 1. 0. 0.]
 [0. 0. 0. 0. 1. 0.]
 [0. 0. 0. 0. 0. 1.]
 [1. 1. 1. 0. 1. 1.]
 [1. 1. 0. 1. 1. 1.]] 
 Composition: [3, 2, 3]
 Power: -2
 Determinant: 0
  deBR: [[0. 0. 0. 1. 0. 1. 0. 1. 0. 1. 0. 1. 0. 1. 0. 1. 0. 1. 0. 1. 0. 1. 0. 1.
  0. 1. 0. 1.]
 [0. 0. 1. 1. 1. 1. 1. 1. 1. 1. 1. 1. 1. 1. 1. 1. 1. 1. 1. 1. 1. 1. 1. 1.
  1. 1. 1. 1.]]
Shifter: [[0. 0. 1. 0. 0. 0.]
 [0. 0. 0. 1. 0. 0.]
 [0. 0. 0. 0. 1. 0.]
 [0. 0. 0. 0. 0. 1.]
 [1. 1. 1. 1. 0. 0.]
 [1. 1. 1. 1. 0. 0.]] 
 Composition: [3, 3, 0]
 Power: -1
 Determinant: 0
  deBR: [[0. 0. 0. 0. 1. 1. 0. 0. 0. 0. 0. 0. 0. 0. 0. 0. 0. 0. 0. 0. 0. 0. 0. 0.
  0. 0. 0. 0.]
 [0. 0. 1. 0. 1. 1. 0. 0. 0. 0. 0. 0. 0. 0. 0. 0. 0. 0. 0. 0. 0. 0. 0. 0.
  0. 0. 0. 0.]]
Shifter: [[0. 0. 1. 0. 0. 0.]
 [0. 0. 0. 1. 0. 0.]
 [0. 0. 0. 0. 1. 0.]
 [0. 0. 0. 0. 0. 1.]
 [1. 1. 1. 1. 0. 1.]
 [1. 1. 1. 1. 1. 0.]] 
 Composition: [3, 3, 1]
 Power: -2
 Determinant: 0
  deBR: [[0. 0. 0. 1. 1. 0. 1. 0. 1. 0. 1. 0. 1. 0. 1. 0. 1. 0. 1. 0. 1. 0. 1. 0.
  1. 0. 1. 0.]
 [0. 0. 1. 0. 0. 1. 0. 1. 0. 1. 0. 1. 0. 1. 0. 1. 0. 1. 0. 1. 0. 1. 0. 1.
  0. 1. 0. 1.]]
Shifter: [[0. 0. 1. 0. 0. 0.]
 [0. 0. 0. 1. 0. 0.]
 [0. 0. 0. 0. 1. 0.]
 [0. 0. 0. 0. 0. 1.]
 [1. 1. 1. 1. 1. 0.]
 [1. 1. 1. 1. 0. 1.]] 
 Composition: [3, 3, 2]
 Power: -2
 Determinant: 0
  deBR: [[0. 0. 0. 0. 1. 1. 1. 1. 1. 1. 1. 1. 1. 1. 1. 1. 1. 1. 1. 1. 1. 1. 1. 1.
  1. 1. 1. 1.]
 [0. 0. 1. 1. 0. 0. 0. 0. 0. 0. 0. 0. 0. 0. 0. 0. 0. 0. 0. 0. 0. 0. 0. 0.
  0. 0. 0. 0.]]
Shifter: [[0. 0. 1. 0. 0. 0.]
 [0. 0. 0. 1. 0. 0.]
 [0. 0. 0. 0. 1. 0.]
 [0. 0. 0. 0. 0. 1.]
 [1. 1. 1. 1. 1. 1.]
 [1. 1. 1. 1. 1. 1.]] 
 Composition: [3, 3, 3]
 Power: -1
 Determinant: 0
  deBR: [[0. 0. 0. 1. 1. 1. 0. 0. 0. 0. 0. 0. 0. 0. 0. 0. 0. 0. 0. 0. 0. 0. 0. 0.
  0. 0. 0. 0.]
 [0. 0. 1. 1. 1. 1. 0. 0. 0. 0. 0. 0. 0. 0. 0. 0. 0. 0. 0. 0. 0. 0. 0. 0.
  0. 0. 0. 0.]]
