Perodic Windows for: 
 A[2] 
 L[2, 3, 4] 
 W[2, 3, 4] 
A 2 L 2 W 2 
[ 0  5 10 15]
[5]
A 2 L 3 W 2 
[ 0 21 42 63]
[]
A 2 L 4 W 2 
[  0  17  34  51  68  85 102 119 136 153 170 187 204 221 238 255]
[17]
A 2 L 2 W 3 
[ 0  9 18 27 36 45 54 63]
[]
A 2 L 3 W 3 
[  0  73 146 219 292 365 438 511]
[73]
A 2 L 4 W 3 
[   0   65  130  195  260  325  390  455  520  585  650  715  780  845
  910  975 1040 1105 1170 1235 1300 1365 1430 1495 1560 1625 1690 1755
 1820 1885 1950 2015 2080 2145 2210 2275 2340 2405 2470 2535 2600 2665
 2730 2795 2860 2925 2990 3055 3120 3185 3250 3315 3380 3445 3510 3575
 3640 3705 3770 3835 3900 3965 4030 4095]
[]
A 2 L 2 W 4 
[  0  17  34  51  68  85 102 119 136 153 170 187 204 221 238 255]
[17]
A 2 L 3 W 4 
[   0  273  546  819 1092 1365 1638 1911 2184 2457 2730 3003 3276 3549
 3822 4095]
[]
A 2 L 4 W 4 
[    0   257   514   771  1028  1285  1542  1799  2056  2313  2570  2827
  3084  3341  3598  3855  4112  4369  4626  4883  5140  5397  5654  5911
  6168  6425  6682  6939  7196  7453  7710  7967  8224  8481  8738  8995
  9252  9509  9766 10023 10280 10537 10794 11051 11308 11565 11822 12079
 12336 12593 12850 13107 13364 13621 13878 14135 14392 14649 14906 15163
 15420 15677 15934 16191 16448 16705 16962 17219 17476 17733 17990 18247
 18504 18761 19018 19275 19532 19789 20046 20303 20560 20817 21074 21331
 21588 21845 22102 22359 22616 22873 23130 23387 23644 23901 24158 24415
 24672 24929 25186 25443 25700 25957 26214 26471 26728 26985 27242 27499
 27756 28013 28270 28527 28784 29041 29298 29555 29812 30069 30326 30583
 30840 31097 31354 31611 31868 32125 32382 32639 32896 33153 33410 33667
 33924 34181 34438 34695 34952 35209 35466 35723 35980 36237 36494 36751
 37008 37265 37522 37779 38036 38293 38550 38807 39064 39321 39578 39835
 40092 40349 40606 40863 41120 41377 41634 41891 42148 42405 42662 42919
 43176 43433 43690 43947 44204 44461 44718 44975 45232 45489 45746 46003
 46260 46517 46774 47031 47288 47545 47802 48059 48316 48573 48830 49087
 49344 49601 49858 50115 50372 50629 50886 51143 51400 51657 51914 52171
 52428 52685 52942 53199 53456 53713 53970 54227 54484 54741 54998 55255
 55512 55769 56026 56283 56540 56797 57054 57311 57568 57825 58082 58339
 58596 58853 59110 59367 59624 59881 60138 60395 60652 60909 61166 61423
 61680 61937 62194 62451 62708 62965 63222 63479 63736 63993 64250 64507
 64764 65021 65278 65535]
[257]
