For 3;(2, 2) with APN = 36  TW = 81 
Cycles for shifter: (0, 0) (NOT INVERTIBLE)
Cycles for shifter: (0, 1) (NOT INVERTIBLE)
Cycles for shifter: (0, 2) (NOT INVERTIBLE)
Cycles for shifter: (0, 3) (NOT INVERTIBLE)
Cycles for shifter: (0, 4) (NOT INVERTIBLE)
Cycles for shifter: (0, 5) (NOT INVERTIBLE)
Cycles for shifter: (0, 6) (NOT INVERTIBLE)
Cycles for shifter: (0, 7) (NOT INVERTIBLE)
Cycles for shifter: (0, 8) (NOT INVERTIBLE)
Shifter: (1, 0) 
  Cycles:
1 [0]
4 [ 1  9  3 27]
4 [ 2 18  6 54]
2 [ 4 36]
4 [ 5 45  7 63]
2 [ 8 72]
4 [10 12 30 28]
4 [11 21 33 55]
4 [13 39 31 37]
4 [14 48 34 64]
4 [15 57 29 19]
4 [16 66 32 46]
4 [17 75 35 73]
4 [20 24 60 56]
4 [22 42 58 38]
4 [23 51 61 65]
4 [25 69 59 47]
4 [26 78 62 74]
1 [40]
4 [41 49 43 67]
2 [44 76]
4 [50 52 70 68]
4 [53 79 71 77]
1 [80]
Shifter: (1, 1) 
  Cycles:
1 [0]
24 [ 1 12 31 41 47 22 37 16 71 73 11 18  6 56 26 77 48 35 78 61 67 42 57 27]
24 [ 2 24 62 79 64 17 74 23 49 38 19  9  3 28 13 43 69 58 39 32 53 75 33 54]
8 [ 4 40 44 72  8 80 76 36]
3 [ 5 52 63]
3 [ 7 68 45]
8 [10 15 59 51 60 55 14 46]
8 [20 21 34 66 30 29 25 65]
1 [50]
1 [70]
Shifter: (1, 2) 
  Cycles:
1 [0]
24 [ 1 15 58 43 65 26 73 14 53 74 20 18  6 55 17 79 66 31 42 59 49 39 30 27]
24 [ 2 21 35 77 46 13 38 25 67 37 10  9  3 29 22 41 51 62 75 34 71 78 60 54]
8 [ 4 44 80 72  8 76 40 36]
6 [ 5 50 45  7 70 63]
8 [11 24 61 69 57 28 16 64]
8 [12 32 48 33 56 23 47 19]
2 [52 68]
Shifter: (1, 3) 
  Cycles:
1 [0]
24 [ 1 10 13 43 65 22 37 14 53 75 29 18  6 60 62 79 66 35 78 59 49 38 21 27]
24 [ 2 20 26 77 46 17 74 25 67 42 55  9  3 30 31 41 51 58 39 34 71 73 15 54]
8 [ 4 40 44 72  8 80 76 36]
6 [ 5 50 45  7 70 63]
8 [11 23 47 24 57 32 48 28]
8 [12 33 61 69 56 19 16 64]
2 [52 68]
Shifter: (1, 4) 
  Cycles:
1 [0]
8 [ 1 13 38 18  6 62 75 27]
8 [ 2 26 73  9  3 31 42 54]
8 [ 4 44 80 72  8 76 40 36]
4 [ 5 45  7 63]
