For 2;(2, 3) with APN = 28  TW = 64 
Cycles for shifter: (0, 0, 0) (NOT INVERTIBLE)
Cycles for shifter: (0, 0, 1) (NOT INVERTIBLE)
Cycles for shifter: (0, 0, 2) (NOT INVERTIBLE)
Cycles for shifter: (0, 0, 3) (NOT INVERTIBLE)
Cycles for shifter: (0, 1, 0) (NOT INVERTIBLE)
Cycles for shifter: (0, 1, 1) (NOT INVERTIBLE)
Cycles for shifter: (0, 1, 2) (NOT INVERTIBLE)
Cycles for shifter: (0, 1, 3) (NOT INVERTIBLE)
Cycles for shifter: (0, 2, 0) (NOT INVERTIBLE)
Cycles for shifter: (0, 2, 1) (NOT INVERTIBLE)
Cycles for shifter: (0, 2, 2) (NOT INVERTIBLE)
Cycles for shifter: (0, 2, 3) (NOT INVERTIBLE)
Cycles for shifter: (0, 3, 0) (NOT INVERTIBLE)
Cycles for shifter: (0, 3, 1) (NOT INVERTIBLE)
Cycles for shifter: (0, 3, 2) (NOT INVERTIBLE)
Cycles for shifter: (0, 3, 3) (NOT INVERTIBLE)
Shifter: (1, 0, 0) 
  Cycles:
1 [0]
6 [ 1  4 16  2  8 32]
3 [ 3 12 48]
6 [ 5 20 18 10 40 33]
6 [ 6 24 34  9 36 17]
6 [ 7 28 50 11 44 49]
6 [13 52 19 14 56 35]
3 [15 60 51]
6 [21 22 26 42 41 37]
6 [23 30 58 43 45 53]
2 [25 38]
6 [27 46 57 39 29 54]
6 [31 62 59 47 61 55]
1 [63]
Shifter: (1, 0, 1) 
  Cycles:
1 [0]
14 [ 1  6 25 36 17  4 16  2  9 38 24 34  8 32]
7 [ 3 15 63 60 51 12 48]
14 [ 5 22 27 45 55 28 50 10 41 39 30 59 44 49]
14 [ 7 31 61 53 21 20 18 11 47 62 58 42 40 33]
14 [13 54 26 43 46 56 35 14 57 37 23 29 52 19]
Shifter: (1, 0, 2) 
  Cycles:
1 [0]
14 [ 1  5 21 23 29 55 28 50  9 37 20 18  8 32]
14 [ 2 10 42 43 46 59 44 49  6 26 40 33  4 16]
7 [ 3 15 63 60 51 12 48]
14 [ 7 31 61 54 25 39 30 56 35 14 58 41 36 17]
14 [11 47 62 57 38 27 45 52 19 13 53 22 24 34]
Shifter: (1, 0, 3) 
  Cycles:
1 [0]
6 [ 1  7 28 50  8 32]
6 [ 2 11 44 49  4 16]
3 [ 3 12 48]
6 [ 5 23 30 57 36 17]
6 [ 6 27 46 58 40 33]
6 [ 9 39 29 53 20 18]
6 [10 43 45 54 24 34]
6 [13 55 31 62 56 35]
6 [14 59 47 61 52 19]
3 [15 60 51]
1 [21]
3 [22 25 37]
3 [26 41 38]
1 [42]
1 [63]
Shifter: (1, 1, 0) 
  Cycles:
1 [0]
14 [ 1  4 18 10 41 36 19 14 59 46 58 42 40 32]
14 [ 2  8 33  5 22 24 35 13 55 29 53 21 20 16]
7 [ 3 12 51 15 63 60 48]
14 [ 6 26 43 44 50 11 45 54 25 39 31 61 52 17]
14 [ 7 30 57 38 27 47 62 56 34  9 37 23 28 49]
Shifter: (1, 1, 1) 
  Cycles:
1 [0]
8 [ 1  6 27 44 50 10 40 32]
8 [ 2  9 39 28 49  5 20 16]
4 [ 3 15 60 48]
8 [ 4 18 11 46 59 45 52 17]
8 [ 7 29 55 30 56 34  8 33]
2 [12 51]
8 [13 53 23 31 62 57 36 19]
8 [14 58 43 47 61 54 24 35]
4 [21 22 25 37]
4 [26 42 41 38]
1 [63]
Shifter: (1, 1, 2) 
  Cycles:
1 [0]
8 [ 1  5 23 31 62 58 40 32]
8 [ 2 10 43 47 61 53 20 16]
4 [ 3 15 60 48]
4 [ 4 18  8 33]
8 [ 6 24 35 14 57 39 28 49]
4 [ 7 29 52 17]
8 [ 9 36 19 13 54 27 44 50]
4 [11 46 56 34]
2 [12 51]
1 [21]
4 [22 26 41 37]
2 [25 38]
4 [30 59 45 55]
1 [42]
1 [63]
Shifter: (1, 1, 3) 
  Cycles:
1 [0]
14 [ 1  7 30 58 41 39 31 61 55 29 54 26 40 32]
14 [ 2 11 45 53 22 27 47 62 59 46 57 37 20 16]
7 [ 3 12 51 15 63 60 48]
14 [ 4 18  9 38 24 35 13 52 17  5 21 23 28 49]
14 [ 6 25 36 19 14 56 34 10 42 43 44 50  8 33]
Shifter: (1, 2, 0) 
  Cycles:
1 [0]
14 [ 1  4 17  6 25 36 16  2  8 34  9 38 24 32]
7 [ 3 12 51 15 63 60 48]
14 [ 5 21 23 31 61 52 18 10 42 43 47 62 56 33]
14 [ 7 29 53 22 27 44 50 11 46 58 41 39 28 49]
14 [13 55 30 57 37 20 19 14 59 45 54 26 40 35]
Shifter: (1, 2, 1) 
  Cycles:
1 [0]
4 [ 1  6 24 32]
4 [ 2  9 36 16]
4 [ 3 15 60 48]
2 [ 4 17]
4 [ 5 23 28 49]
4 [ 7 30 56 33]
2 [ 8 34]
4 [10 43 44 50]
4 [11 45 52 18]
2 [12 51]
4 [13 53 20 19]
4 [14 58 40 35]
1 [21]
4 [22 26 41 37]
2 [25 38]
4 [27 47 61 54]
2 [29 55]
4 [31 62 57 39]
1 [42]
2 [46 59]
1 [63]
Shifter: (1, 2, 2) 
  Cycles:
1 [0]
8 [ 1  5 20 19 13 54 24 32]
8 [ 2 10 40 35 14 57 36 16]
4 [ 3 15 60 48]
8 [ 4 17  7 30 59 46 56 33]
8 [ 6 27 47 61 53 23 28 49]
8 [ 8 34 11 45 55 29 52 18]
8 [ 9 39 31 62 58 43 44 50]
2 [12 51]
4 [21 22 25 37]
4 [26 42 41 38]
1 [63]
Shifter: (1, 2, 3) 
  Cycles:
1 [0]
14 [ 1  7 29 54 25 39 28 49  4 17  5 22 24 32]
14 [ 2 11 46 57 38 27 44 50  8 34 10 41 36 16]
7 [ 3 12 51 15 63 60 48]
14 [ 6 26 43 47 62 59 45 53 21 20 19 14 56 33]
14 [ 9 37 23 31 61 55 30 58 42 40 35 13 52 18]
Shifter: (1, 3, 0) 
  Cycles:
1 [0]
6 [ 1  4 19 14 56 32]
6 [ 2  8 35 13 52 16]
3 [ 3 12 48]
6 [ 5 23 29 54 24 33]
6 [ 6 27 45 53 20 17]
6 [ 7 31 62 59 44 49]
6 [ 9 39 30 58 40 34]
6 [10 43 46 57 36 18]
6 [11 47 61 55 28 50]
3 [15 60 51]
1 [21]
3 [22 25 37]
3 [26 41 38]
1 [42]
1 [63]
Shifter: (1, 3, 1) 
  Cycles:
1 [0]
14 [ 1  6 26 40 34  8 35 14 57 38 27 46 56 32]
14 [ 2  9 37 20 17  4 19 13 54 25 39 29 52 16]
7 [ 3 15 63 60 51 12 48]
14 [ 5 21 23 30 59 47 62 58 41 36 18 11 44 49]
14 [ 7 28 50 10 42 43 45 55 31 61 53 22 24 33]
Shifter: (1, 3, 2) 
  Cycles:
1 [0]
14 [ 1  5 22 27 46 59 47 62 57 37 23 30 56 32]
14 [ 2 10 41 39 29 55 31 61 54 26 43 45 52 16]
7 [ 3 15 63 60 51 12 48]
14 [ 4 19 13 53 21 20 17  7 28 50  9 38 24 33]
14 [ 6 25 36 18  8 35 14 58 42 40 34 11 44 49]
Shifter: (1, 3, 3) 
  Cycles:
1 [0]
6 [ 1  7 31 62 56 32]
6 [ 2 11 47 61 52 16]
3 [ 3 12 48]
6 [ 4 19 14 59 44 49]
3 [ 5 20 17]
3 [ 6 24 33]
6 [ 8 35 13 55 28 50]
3 [ 9 36 18]
3 [10 40 34]
3 [15 60 51]
6 [21 22 26 42 41 37]
3 [23 29 53]
2 [25 38]
3 [27 45 54]
3 [30 57 39]
3 [43 46 58]
1 [63]
Shifter: (2, 0, 0) 
  Cycles:
1 [0]
3 [ 1  4 16]
3 [ 2  8 32]
3 [ 3 12 48]
3 [ 5 20 17]
3 [ 6 24 33]
3 [ 7 28 49]
3 [ 9 36 18]
3 [10 40 34]
3 [11 44 50]
3 [13 52 19]
3 [14 56 35]
3 [15 60 51]
1 [21]
3 [22 25 37]
3 [23 29 53]
3 [26 41 38]
3 [27 45 54]
3 [30 57 39]
3 [31 61 55]
1 [42]
3 [43 46 58]
3 [47 62 59]
1 [63]
Shifter: (2, 0, 1) 
  Cycles:
1 [0]
14 [ 1  6 25 39 29 55 28 49  5 22 24 33  4 16]
14 [ 2  9 38 27 46 59 44 50 10 41 36 18  8 32]
7 [ 3 15 63 60 51 12 48]
14 [ 7 31 62 58 42 43 45 52 19 14 57 37 20 17]
14 [11 47 61 53 21 23 30 56 35 13 54 26 40 34]
Shifter: (2, 0, 2) 
  Cycles:
1 [0]
7 [ 1  5 21 20 17  4 16]
7 [ 2 10 42 40 34  8 32]
7 [ 3 15 63 60 51 12 48]
7 [ 6 26 43 45 55 28 49]
7 [ 7 31 62 57 38 24 33]
7 [ 9 37 23 30 59 44 50]
7 [11 47 61 54 25 36 18]
7 [13 53 22 27 46 56 35]
7 [14 58 41 39 29 52 19]
Shifter: (2, 0, 3) 
  Cycles:
1 [0]
6 [ 1  7 28 49  4 16]
6 [ 2 11 44 50  8 32]
3 [ 3 12 48]
6 [ 5 23 29 54 24 33]
6 [ 6 27 45 53 20 17]
6 [ 9 39 30 58 40 34]
6 [10 43 46 57 36 18]
6 [13 55 31 61 52 19]
6 [14 59 47 62 56 35]
3 [15 60 51]
6 [21 22 26 42 41 37]
2 [25 38]
1 [63]
Shifter: (2, 1, 0) 
  Cycles:
1 [0]
14 [ 1  4 18  9 37 20 19 13 55 29 54 25 36 16]
14 [ 2  8 33  6 26 40 35 14 59 46 57 38 24 32]
7 [ 3 12 51 15 63 60 48]
14 [ 5 22 27 44 49  7 30 58 42 43 47 61 52 17]
14 [10 41 39 28 50 11 45 53 21 23 31 62 56 34]
Shifter: (2, 1, 1) 
  Cycles:
1 [0]
8 [ 1  6 27 47 62 57 36 16]
8 [ 2  9 39 31 61 54 24 32]
4 [ 3 15 60 48]
4 [ 4 18  8 33]
8 [ 5 20 19 14 58 43 44 49]
4 [ 7 29 52 17]
8 [10 40 35 13 53 23 28 50]
4 [11 46 56 34]
2 [12 51]
1 [21]
4 [22 26 41 37]
2 [25 38]
4 [30 59 45 55]
1 [42]
1 [63]
Shifter: (2, 1, 2) 
  Cycles:
1 [0]
8 [ 1  5 23 28 50  9 36 16]
8 [ 2 10 43 44 49  6 24 32]
4 [ 3 15 60 48]
8 [ 4 18 11 46 59 45 52 17]
8 [ 7 29 55 30 56 34  8 33]
2 [12 51]
8 [13 54 27 47 62 58 40 35]
8 [14 57 39 31 61 53 20 19]
4 [21 22 25 37]
4 [26 42 41 38]
1 [63]
Shifter: (2, 1, 3) 
  Cycles:
1 [0]
14 [ 1  7 30 57 37 23 31 62 59 46 58 41 36 16]
14 [ 2 11 45 54 26 43 47 61 55 29 53 22 24 32]
7 [ 3 12 51 15 63 60 48]
14 [ 4 18 10 42 40 35 14 56 34  9 38 27 44 49]
14 [ 5 21 20 19 13 52 17  6 25 39 28 50  8 33]
Shifter: (2, 2, 0) 
  Cycles:
1 [0]
7 [ 1  4 17  5 21 20 16]
7 [ 2  8 34 10 42 40 32]
7 [ 3 12 51 15 63 60 48]
7 [ 6 25 39 31 62 56 33]
7 [ 7 29 54 26 43 44 49]
7 [ 9 38 27 47 61 52 18]
7 [11 46 57 37 23 28 50]
7 [13 55 30 58 41 36 19]
7 [14 59 45 53 22 24 35]
Shifter: (2, 2, 1) 
  Cycles:
1 [0]
8 [ 1  6 24 35 13 53 20 16]
8 [ 2  9 36 19 14 58 40 32]
4 [ 3 15 60 48]
8 [ 4 17  7 30 59 46 56 33]
8 [ 5 23 31 61 54 27 44 49]
8 [ 8 34 11 45 55 29 52 18]
8 [10 43 47 62 57 39 28 50]
2 [12 51]
4 [21 22 25 37]
4 [26 42 41 38]
1 [63]
Shifter: (2, 2, 2) 
  Cycles:
1 [0]
4 [ 1  5 20 16]
4 [ 2 10 40 32]
4 [ 3 15 60 48]
2 [ 4 17]
4 [ 6 27 44 49]
4 [ 7 30 56 33]
2 [ 8 34]
4 [ 9 39 28 50]
4 [11 45 52 18]
2 [12 51]
4 [13 54 24 35]
4 [14 57 36 19]
1 [21]
4 [22 26 41 37]
4 [23 31 61 53]
2 [25 38]
2 [29 55]
1 [42]
4 [43 47 62 58]
2 [46 59]
1 [63]
Shifter: (2, 2, 3) 
  Cycles:
1 [0]
14 [ 1  7 29 53 21 23 28 50  8 34  9 37 20 16]
14 [ 2 11 46 58 42 43 44 49  4 17  6 26 40 32]
7 [ 3 12 51 15 63 60 48]
14 [ 5 22 27 47 61 55 30 57 38 24 35 14 56 33]
14 [10 41 39 31 62 59 45 54 25 36 19 13 52 18]
Shifter: (2, 3, 0) 
  Cycles:
1 [0]
6 [ 1  4 19 13 52 16]
6 [ 2  8 35 14 56 32]
3 [ 3 12 48]
6 [ 5 23 30 57 36 17]
6 [ 6 27 46 58 40 33]
6 [ 7 31 61 55 28 49]
6 [ 9 39 29 53 20 18]
6 [10 43 45 54 24 34]
6 [11 47 62 59 44 50]
3 [15 60 51]
6 [21 22 26 42 41 37]
2 [25 38]
1 [63]
Shifter: (2, 3, 1) 
  Cycles:
1 [0]
14 [ 1  6 26 43 46 59 47 61 53 22 27 45 52 16]
14 [ 2  9 37 23 29 55 31 62 58 41 39 30 56 32]
7 [ 3 15 63 60 51 12 48]
14 [ 4 19 14 57 38 24 34 11 44 50 10 42 40 33]
14 [ 5 21 20 18  8 35 13 54 25 36 17  7 28 49]
Shifter: (2, 3, 2) 
  Cycles:
1 [0]
14 [ 1  5 22 24 34  8 35 13 53 21 23 29 52 16]
14 [ 2 10 41 36 17  4 19 14 58 42 43 46 56 32]
7 [ 3 15 63 60 51 12 48]
14 [ 6 25 39 30 59 47 61 54 26 40 33  7 28 49]
14 [ 9 38 27 45 55 31 62 57 37 20 18 11 44 50]
Shifter: (2, 3, 3) 
  Cycles:
1 [0]
6 [ 1  7 31 61 52 16]
6 [ 2 11 47 62 56 32]
3 [ 3 12 48]
6 [ 4 19 13 55 28 49]
6 [ 5 20 18 10 40 33]
6 [ 6 24 34  9 36 17]
6 [ 8 35 14 59 44 50]
3 [15 60 51]
1 [21]
3 [22 25 37]
6 [23 30 58 43 45 53]
3 [26 41 38]
6 [27 46 57 39 29 54]
1 [42]
1 [63]
Cycles for shifter: (3, 0, 0) (NOT INVERTIBLE)
Cycles for shifter: (3, 0, 1) (NOT INVERTIBLE)
Cycles for shifter: (3, 0, 2) (NOT INVERTIBLE)
Cycles for shifter: (3, 0, 3) (NOT INVERTIBLE)
Cycles for shifter: (3, 1, 0) (NOT INVERTIBLE)
Cycles for shifter: (3, 1, 1) (NOT INVERTIBLE)
Cycles for shifter: (3, 1, 2) (NOT INVERTIBLE)
Cycles for shifter: (3, 1, 3) (NOT INVERTIBLE)
Cycles for shifter: (3, 2, 0) (NOT INVERTIBLE)
Cycles for shifter: (3, 2, 1) (NOT INVERTIBLE)
Cycles for shifter: (3, 2, 2) (NOT INVERTIBLE)
Cycles for shifter: (3, 2, 3) (NOT INVERTIBLE)
Cycles for shifter: (3, 3, 0) (NOT INVERTIBLE)
Cycles for shifter: (3, 3, 1) (NOT INVERTIBLE)
Cycles for shifter: (3, 3, 2) (NOT INVERTIBLE)
Cycles for shifter: (3, 3, 3) (NOT INVERTIBLE)
