For 2;(3, 2) with APN = 20  TW = 64 
Cycles for shifter: (0, 0) (NOT INVERTIBLE)
Cycles for shifter: (0, 1) (NOT INVERTIBLE)
Cycles for shifter: (0, 2) (NOT INVERTIBLE)
Cycles for shifter: (0, 3) (NOT INVERTIBLE)
Cycles for shifter: (0, 4) (NOT INVERTIBLE)
Cycles for shifter: (0, 5) (NOT INVERTIBLE)
Cycles for shifter: (0, 6) (NOT INVERTIBLE)
Cycles for shifter: (0, 7) (NOT INVERTIBLE)
Shifter: (1, 0) 
  Cycles:
1 [0]
6 [ 1  8  4 32  2 16]
6 [ 3 24  5 40  6 48]
2 [ 7 56]
6 [ 9 12 36 34 18 17]
3 [10 20 33]
6 [11 28 37 42 22 49]
6 [13 44 38 50 19 25]
6 [14 52 35 26 21 41]
6 [15 60 39 58 23 57]
6 [27 29 45 46 54 51]
3 [30 53 43]
6 [31 61 47 62 55 59]
1 [63]
Shifter: (1, 1) 
  Cycles:
1 [0]
15 [ 1 12 38 49 15 59 26 20 35 31 58 22 50 18 16]
15 [ 2 17 13 42 23 62 52 33 14 55 60 37 44 36 32]
15 [ 3 29 43 27 24  5 46 53 45 40  6 51 30 54 48]
15 [ 4 34 19 28 39 61 41 10 21 47 57 11 25  9  8]
3 [ 7 63 56]
Shifter: (1, 2) 
  Cycles:
1 [0]
3 [ 1 10 16]
3 [ 2 20 32]
3 [ 3 30 48]
3 [ 4 33  8]
3 [ 5 43 24]
3 [ 6 53 40]
3 [ 7 63 56]
3 [ 9 14 49]
3 [11 26 17]
3 [12 37 41]
3 [13 47 57]
3 [15 59 25]
3 [18 21 42]
3 [19 31 58]
3 [22 52 34]
3 [23 62 50]
1 [27]
3 [28 36 35]
3 [29 46 51]
3 [38 55 60]
3 [39 61 44]
1 [45]
1 [54]
Shifter: (1, 3) 
  Cycles:
1 [0]
30 [ 1 14 50 22 55 59 28 38 52 32  2 21 44 37 47 62 49 13 41  8  4 35 25 11
 31 61 42 19 26 16]
15 [ 3 27 30 51 24  5 45 43 29 40  6 54 53 46 48]
2 [ 7 56]
15 [ 9 10 17 15 60 36 33 12 39 58 18 20 34 23 57]
1 [63]
Shifter: (1, 4) 
  Cycles:
1 [0]
15 [ 1  9 13 41 15 59 28 33 11 31 58 21 44 34 16]
15 [ 2 18 19 26 23 62 49 10 22 55 60 35 25 12 32]
15 [ 3 27 30 51 24  5 45 43 29 40  6 54 53 46 48]
15 [ 4 36 38 52 39 61 42 20 37 47 57 14 50 17  8]
3 [ 7 63 56]
Shifter: (1, 5) 
  Cycles:
1 [0]
6 [ 1 13 47 62 50 16]
6 [ 2 19 31 61 44 32]
3 [ 3 30 48]
6 [ 4 38 55 59 25  8]
3 [ 5 43 24]
3 [ 6 53 40]
2 [ 7 56]
1 [9]
3 [10 23 57]
6 [11 26 22 52 37 41]
3 [12 34 17]
2 [14 49]
3 [15 60 33]
1 [18]
3 [20 39 58]
2 [21 42]
1 [27]
2 [28 35]
3 [29 46 51]
1 [36]
1 [45]
1 [54]
1 [63]
Shifter: (1, 6) 
  Cycles:
1 [0]
30 [ 1 11 25 14 55 59 26 19 28 32  2 22 50 21 47 62 52 38 49  8  4 37 44 35
 31 61 41 13 42 16]
15 [ 3 29 43 27 24  5 46 53 45 40  6 51 30 54 48]
2 [ 7 56]
15 [ 9 15 60 34 20 36 39 58 17 10 18 23 57 12 33]
1 [63]
Shifter: (1, 7) 
  Cycles:
1 [0]
6 [ 1 15 59 31 58 16]
6 [ 2 23 62 55 60 32]
6 [ 3 24  5 40  6 48]
6 [ 4 39 61 47 57  8]
3 [ 7 63 56]
6 [ 9 11 28 34 21 41]
3 [10 19 25]
6 [12 35 26 18 22 49]
3 [13 44 33]
6 [14 52 36 37 42 17]
3 [20 38 50]
6 [27 29 45 46 54 51]
3 [30 53 43]
Shifter: (2, 0) 
  Cycles:
1 [0]
6 [ 1  8  2 16  4 32]
6 [ 3 24  6 48  5 40]
2 [ 7 56]
6 [ 9 10 18 20 36 33]
6 [11 26 22 52 37 41]
3 [12 34 17]
6 [13 42 19 28 38 49]
6 [14 50 21 44 35 25]
6 [15 58 23 60 39 57]
6 [27 30 54 53 45 43]
3 [29 46 51]
6 [31 62 55 61 47 59]
1 [63]
Shifter: (2, 1) 
  Cycles:
1 [0]
3 [ 1 12 32]
3 [ 2 17  8]
3 [ 3 29 40]
3 [ 4 34 16]
3 [ 5 46 48]
3 [ 6 51 24]
3 [ 7 63 56]
3 [ 9 14 49]
3 [10 19 25]
3 [11 31 57]
3 [13 44 33]
3 [15 61 41]
3 [18 21 42]
3 [20 38 50]
3 [22 55 58]
3 [23 59 26]
1 [27]
3 [28 36 35]
3 [30 53 43]
3 [37 47 60]
3 [39 62 52]
1 [45]
1 [54]
Shifter: (2, 2) 
  Cycles:
1 [0]
15 [ 1 10 22 49 15 61 44 34 21 47 60 38 52 36 32]
15 [ 2 20 37 42 23 59 25 12 35 31 57 13 41  9  8]
15 [ 3 30 51 27 24  6 53 46 54 48  5 43 29 45 40]
15 [ 4 33 11 28 39 62 50 17 14 55 58 19 26 18 16]
3 [ 7 63 56]
Shifter: (2, 3) 
  Cycles:
1 [0]
30 [ 1 14 52 38 55 61 42 22 50 16  4 35 26 19 31 62 49 11 25  8  2 21 41 13
 47 59 28 37 44 32]
15 [ 3 27 29 43 24  6 54 51 30 48  5 45 46 53 40]
2 [ 7 56]
15 [ 9 12 33 15 58 18 17 10 23 60 36 34 20 39 57]
1 [63]
Shifter: (2, 4) 
  Cycles:
1 [0]
15 [ 1  9 11 25 15 61 42 17 13 47 60 35 26 20 32]
15 [ 2 18 22 50 23 59 28 34 19 31 57 14 52 33  8]
15 [ 3 27 29 43 24  6 54 51 30 48  5 45 46 53 40]
15 [ 4 36 37 44 39 62 49 12 38 55 58 21 41 10 16]
3 [ 7 63 56]
Shifter: (2, 5) 
  Cycles:
1 [0]
30 [ 1 13 41 14 55 61 44 37 42 16  4 38 52 35 31 62 50 22 49  8  2 19 26 21
 47 59 25 11 28 32]
15 [ 3 30 51 27 24  6 53 46 54 48  5 43 29 45 40]
2 [ 7 56]
15 [ 9 15 58 20 34 18 23 60 33 12 36 39 57 10 17]
1 [63]
Shifter: (2, 6) 
  Cycles:
1 [0]
6 [ 1 11 31 62 52 32]
6 [ 2 22 55 61 41  8]
3 [ 3 29 40]
6 [ 4 37 47 59 26 16]
3 [ 5 46 48]
3 [ 6 51 24]
2 [ 7 56]
1 [9]
3 [10 20 33]
3 [12 39 57]
6 [13 44 38 50 19 25]
2 [14 49]
3 [15 58 17]
1 [18]
2 [21 42]
3 [23 60 34]
1 [27]
2 [28 35]
3 [30 53 43]
1 [36]
1 [45]
1 [54]
1 [63]
Shifter: (2, 7) 
  Cycles:
1 [0]
6 [ 1 15 61 47 60 32]
6 [ 2 23 59 31 57  8]
6 [ 3 24  6 48  5 40]
6 [ 4 39 62 55 58 16]
3 [ 7 63 56]
6 [ 9 13 42 20 35 25]
6 [10 21 44 36 38 49]
3 [11 26 17]
3 [12 37 41]
6 [14 50 18 19 28 33]
3 [22 52 34]
6 [27 30 54 53 45 43]
3 [29 46 51]
Cycles for shifter: (3, 0) (NOT INVERTIBLE)
Cycles for shifter: (3, 1) (NOT INVERTIBLE)
Cycles for shifter: (3, 2) (NOT INVERTIBLE)
Cycles for shifter: (3, 3) (NOT INVERTIBLE)
Cycles for shifter: (3, 4) (NOT INVERTIBLE)
Cycles for shifter: (3, 5) (NOT INVERTIBLE)
Cycles for shifter: (3, 6) (NOT INVERTIBLE)
Cycles for shifter: (3, 7) (NOT INVERTIBLE)
Shifter: (4, 0) 
  Cycles:
1 [0]
2 [1 8]
2 [ 2 16]
2 [ 3 24]
2 [ 4 32]
2 [ 5 40]
2 [ 6 48]
2 [ 7 56]
1 [9]
2 [10 17]
2 [11 25]
2 [12 33]
2 [13 41]
2 [14 49]
2 [15 57]
1 [18]
2 [19 26]
2 [20 34]
2 [21 42]
2 [22 50]
2 [23 58]
1 [27]
2 [28 35]
2 [29 43]
2 [30 51]
2 [31 59]
1 [36]
2 [37 44]
2 [38 52]
2 [39 60]
1 [45]
2 [46 53]
2 [47 61]
1 [54]
2 [55 62]
1 [63]
Shifter: (4, 1) 
  Cycles:
1 [0]
15 [ 1 12 35 25 15 62 52 36 38 55 57 11 28 33  8]
15 [ 2 17 14 50 23 61 41  9 13 47 58 22 49 10 16]
5 [ 3 29 45 43 24]
15 [ 4 34 21 44 39 59 26 18 19 31 60 37 42 20 32]
5 [ 5 46 54 53 40]
5 [ 6 51 27 30 48]
3 [ 7 63 56]
Shifter: (4, 2) 
  Cycles:
1 [0]
15 [ 1 10 21 41 15 62 50 18 22 55 57 13 42 17  8]
15 [ 2 20 35 26 23 61 44 36 37 47 58 19 28 34 16]
5 [ 3 30 54 51 24]
15 [ 4 33 14 52 39 59 25  9 11 31 60 38 49 12 32]
5 [ 5 43 27 29 40]
5 [ 6 53 45 46 48]
3 [ 7 63 56]
Shifter: (4, 3) 
  Cycles:
1 [0]
6 [ 1 14 55 62 49  8]
6 [ 2 21 47 61 42 16]
3 [ 3 27 24]
6 [ 4 35 31 59 28 32]
3 [ 5 45 40]
3 [ 6 54 48]
2 [ 7 56]
3 [ 9 15 57]
3 [10 20 33]
6 [11 26 22 52 37 41]
3 [12 34 17]
6 [13 44 38 50 19 25]
3 [18 23 58]
3 [29 46 51]
3 [30 53 43]
3 [36 39 60]
1 [63]
Shifter: (4, 4) 
  Cycles:
1 [0]
3 [1 9 8]
3 [ 2 18 16]
3 [ 3 27 24]
3 [ 4 36 32]
3 [ 5 45 40]
3 [ 6 54 48]
3 [ 7 63 56]
3 [10 19 25]
3 [11 26 17]
3 [12 37 41]
3 [13 44 33]
3 [14 55 57]
3 [15 62 49]
3 [20 38 50]
3 [21 47 58]
3 [22 52 34]
3 [23 61 42]
3 [28 39 59]
3 [29 46 51]
3 [30 53 43]
3 [31 60 35]
Shifter: (4, 5) 
  Cycles:
1 [0]
10 [ 1 13 42 22 55 62 50 21 41  8]
10 [ 2 19 28 37 47 61 44 35 26 16]
5 [ 3 30 54 51 24]
10 [ 4 38 49 11 31 59 25 14 52 32]
5 [ 5 43 27 29 40]
5 [ 6 53 45 46 48]
2 [ 7 56]
5 [ 9 12 39 60 33]
5 [10 18 17 15 57]
5 [20 36 34 23 58]
1 [63]
Shifter: (4, 6) 
  Cycles:
1 [0]
10 [ 1 11 28 38 55 62 52 35 25  8]
10 [ 2 22 49 13 47 61 41 14 50 16]
5 [ 3 29 45 43 24]
10 [ 4 37 42 19 31 59 26 21 44 32]
5 [ 5 46 54 53 40]
5 [ 6 51 27 30 48]
2 [ 7 56]
5 [ 9 10 23 58 17]
5 [12 36 33 15 57]
5 [18 20 39 60 34]
1 [63]
Shifter: (4, 7) 
  Cycles:
1 [0]
6 [ 1 15 62 55 57  8]
6 [ 2 23 61 47 58 16]
2 [ 3 24]
6 [ 4 39 59 31 60 32]
2 [ 5 40]
2 [ 6 48]
3 [ 7 63 56]
3 [ 9 14 49]
6 [10 22 50 17 13 41]
6 [11 25 12 38 52 33]
3 [18 21 42]
6 [19 26 20 37 44 34]
1 [27]
3 [28 36 35]
2 [29 43]
2 [30 51]
1 [45]
2 [46 53]
1 [54]
Cycles for shifter: (5, 0) (NOT INVERTIBLE)
Cycles for shifter: (5, 1) (NOT INVERTIBLE)
Cycles for shifter: (5, 2) (NOT INVERTIBLE)
Cycles for shifter: (5, 3) (NOT INVERTIBLE)
Cycles for shifter: (5, 4) (NOT INVERTIBLE)
Cycles for shifter: (5, 5) (NOT INVERTIBLE)
Cycles for shifter: (5, 6) (NOT INVERTIBLE)
Cycles for shifter: (5, 7) (NOT INVERTIBLE)
Cycles for shifter: (6, 0) (NOT INVERTIBLE)
Cycles for shifter: (6, 1) (NOT INVERTIBLE)
Cycles for shifter: (6, 2) (NOT INVERTIBLE)
Cycles for shifter: (6, 3) (NOT INVERTIBLE)
Cycles for shifter: (6, 4) (NOT INVERTIBLE)
Cycles for shifter: (6, 5) (NOT INVERTIBLE)
Cycles for shifter: (6, 6) (NOT INVERTIBLE)
Cycles for shifter: (6, 7) (NOT INVERTIBLE)
Cycles for shifter: (7, 0) (NOT INVERTIBLE)
Cycles for shifter: (7, 1) (NOT INVERTIBLE)
Cycles for shifter: (7, 2) (NOT INVERTIBLE)
Cycles for shifter: (7, 3) (NOT INVERTIBLE)
Cycles for shifter: (7, 4) (NOT INVERTIBLE)
Cycles for shifter: (7, 5) (NOT INVERTIBLE)
Cycles for shifter: (7, 6) (NOT INVERTIBLE)
Cycles for shifter: (7, 7) (NOT INVERTIBLE)
